0,1396.77,100.801,1397.06,101.35,1397.05,100.53,1396.89,100.607,1396.85,100.554,1396.58,100.605,1396.27,100.87,1396.17,100.297,1396.04,99.7475,1395.91,100.147,1395.97,100.192,
1,635.495,165.356,632.375,166.588,625.5,165.426,618.709,165.334,611.88,165.356,604.855,165.492,597.34,165.358,590.42,165.208,583.507,164.752,576.284,164.791,569.856,164.721,
2,1369.33,98.0364,1370.56,98.5334,1370.59,97.297,1369.94,97.3474,1369.53,97.3541,1368.67,97.4093,1367.49,97.6277,1366.75,97.3043,1366.18,96.8793,1365.12,97.1862,1364.82,97.2011,
3,992.335,93.4065,990.836,94.0293,987.165,93.0092,982.612,92.9646,978.956,93.0973,974.837,93.3026,970.407,93.2579,966.216,93.0538,961.876,92.6496,957.521,92.9417,953.928,92.9652,
4,1255.65,100.1,1256.43,100.653,1254.85,99.6146,1253.22,99.4618,1251.83,99.4584,1249.9,99.5773,1247.9,99.6717,1245.78,99.4592,1244.27,99.0573,1242.71,99.123,1241.38,99.2306,
5,995.014,126.889,994.061,127.563,990.576,126.447,986.685,126.393,983.043,126.403,978.93,126.486,974.468,126.766,970.632,126.493,966.867,126.293,962.434,126.226,959.029,126.191,
6,899.328,92.1283,897.821,93.2509,893.326,92.0902,888.727,91.9866,884.394,92.1139,879.343,92.395,874.259,92.4494,869.571,92.4062,864.875,92.0201,860.077,92.1818,855.656,92.2837,
7,771.732,185.098,769.161,185.923,763.906,184.901,757.949,184.731,752.415,184.656,746.486,184.738,739.908,184.544,734.087,184.164,728.372,183.583,721.826,183.498,716.355,183.469,
8,1395.69,233.273,1396.15,233.5,1396.13,231.828,1395.99,231.584,1395.95,231.206,1395.79,231.032,1395.64,230.464,1395.47,229.821,1395.33,229.391,1395.14,228.93,1395.14,228.569,
9,695,146,691.61,147.31,685.633,146.311,679.17,146.106,672.861,146.23,666.33,146.451,659.485,146.255,653.007,146.158,646.696,145.938,639.768,145.642,633.79,145.603,
10,179.169,85.9519,172.359,87.9735,161.774,87.3955,151.123,87.4855,140.256,87.8958,128.856,88.2633,117.669,88.2536,106.304,88.3159,95.2796,87.886,84.4227,88.0033,73.6851,88.0952,
11,824.923,219.729,822.577,220.472,817.363,219.145,812.107,218.88,806.905,218.76,801.405,218.737,795.454,218.425,790.296,218.058,784.826,217.408,778.901,217.389,773.67,217.247,
12,575.56,93.8882,571.649,95.4741,564.358,94.3874,556.846,94.4757,549.549,94.5482,541.953,94.9554,534.099,95.0003,526.603,95.0084,518.756,94.6892,510.644,94.6241,503.815,94.6363,
13,1097.45,97.5246,1097.04,98.3631,1094.4,97.2512,1091,97.0985,1088.36,97.0954,1084.85,97.2051,1081.12,96.9561,1077.94,96.8553,1074.94,96.585,1071.48,96.3439,1068.81,96.3523,
14,102.945,193.959,96.1285,195.736,84.6486,194.784,73.3022,194.702,62.1829,194.818,50.5942,195.099,38.658,194.897,27.1394,194.736,15.4086,194.282,0,0,0,0,
15,1024,94,1023.76,94.5348,1019.82,93.6274,1016.22,93.4535,1012.67,93.4728,1008.74,93.6243,1004.93,93.6667,1000.79,93.4314,996.821,93.0704,993.484,93.1292,990.329,93.0678,
16,775.987,210.694,773.753,211.234,768.128,210.098,762.685,209.782,757.272,209.663,751.196,209.726,745.225,209.395,739.416,209.217,733.506,208.822,728.101,208.48,722.885,208.343,
17,169,117,161.875,118.887,151.231,118.532,140.296,118.437,129.69,118.855,118.557,119.502,107.466,119.467,96.6844,119.526,85.6942,119.331,74.5229,119.205,64.0874,119.063,
18,975.428,249.816,974.433,250.159,970.659,248.509,966.792,248.207,963.231,248.04,958.845,247.973,954.682,247.666,950.533,247.114,946.219,246.44,942.384,246.412,939.013,246.129,
19,907.399,203.429,906.082,203.809,901.872,202.532,897.353,202.131,893.011,201.931,888.076,201.904,883.067,201.683,878.381,201.66,873.699,201.089,869.05,200.828,864.833,200.676,
20,694,101,690.802,102.514,684.853,101.376,678.314,101.26,672.132,101.392,665.838,101.718,658.858,101.627,652.426,101.536,645.901,101.169,639.062,101.361,633.134,101.362,
21,323.066,122.101,317.345,123.857,307.514,123.188,297.975,123.298,288.414,123.441,278.305,123.658,268.428,123.626,258.624,123.747,248.721,123.655,239.285,123.554,230.236,123.624,
22,508.484,88.1886,504.093,89.6645,496.561,88.8881,488.318,88.8823,480.635,89.2596,472.538,89.8205,464.129,89.7946,455.898,89.7312,447.843,89.414,439.808,89.5039,432.182,89.7223,
23,657.593,212.783,654.521,213.738,647.957,212.604,641.452,212.491,634.985,212.526,627.994,212.489,620.829,212.274,614.042,212.041,607.237,211.436,600.346,211.333,594.046,211.253,
24,755,162,752.381,162.71,746.58,161.685,740.679,161.415,734.911,161.403,728.748,161.498,722.36,161.277,716.555,161.205,710.594,160.836,704.146,160.781,698.638,160.727,
25,142,120,134.833,122.012,124.007,121.589,112.848,121.63,101.971,122.117,90.7296,122.519,79.2117,122.495,67.991,122.731,56.6371,122.459,45.3002,122.27,34.6441,122.28,
26,887.44,155.315,885.599,155.816,881.069,155.026,876.344,154.919,871.826,154.992,866.59,155.051,861.728,155.081,856.698,155.034,851.83,154.537,847.244,154.531,843.048,154.576,
27,1113.59,193.635,1113.29,194.055,1110.94,192.908,1107.71,192.601,1105.04,192.373,1102.02,192.34,1098.33,192.034,1095.55,191.783,1092.64,191.373,1089.19,191.152,1086.57,190.845,
28,2.04759,81.4026,0,0,0,0,0,0,0,0,0,0,0,0,0,0,0,0,0,0,0,0,
29,938.815,91.1685,936.745,91.8576,933.463,90.8961,929.083,90.7501,925.251,90.8701,920.667,91.0609,915.789,91.137,911.308,90.949,906.981,90.6033,902.806,91.0873,898.88,91.1464,
30,418.124,99.7289,412.928,101.297,404.451,100.707,395.475,100.706,386.703,100.82,377.459,101.214,368.114,101.187,359.244,101.243,350.123,100.896,340.938,100.976,332.377,101.121,
31,1305,124,1306.06,124.649,1305.22,123.401,1304.05,123.667,1302.93,123.69,1301.28,123.651,1300.29,124.134,1298.67,123.75,1297.55,123.417,1296.26,123.784,1295.43,123.753,
32,60.0802,158.602,52.4135,160.451,40.7163,159.742,28.9955,159.824,17.2513,159.966,5.01102,160.252,0,0,0,0,0,0,0,0,0,0,
33,497,133,492.417,134.331,484.517,133.703,476.462,133.64,468.683,133.802,460.282,134.06,451.855,134.049,443.706,133.832,435.464,133.563,427.482,133.546,419.76,133.548,
34,432,134,426.977,135.684,418.424,134.551,409.936,134.465,401.58,134.615,392.515,135.154,383.484,135.037,374.636,134.938,365.692,134.483,357.153,134.471,348.852,134.593,
35,384.528,235.722,379.576,237.076,370.505,235.779,361.533,235.427,352.678,235.383,343.343,235.421,334.219,235.299,325.349,235.121,316.197,234.37,307.396,234.07,299.054,233.839,
36,1038.39,216.618,1037.45,216.687,1034.47,214.845,1030.87,214.717,1027.51,214.528,1023.68,214.569,1019.09,214.146,1015.83,213.622,1012.57,213.073,1008.33,212.812,1005.51,212.645,
37,692.973,266.902,689.826,267.618,683.87,266.327,677.371,265.837,670.927,265.589,664.554,265.514,657.459,265.375,651.166,264.918,644.628,264.205,637.249,263.724,631.042,263.458,
38,369,158,363.586,159.448,354.805,158.817,345.712,158.889,336.562,158.977,326.997,158.925,317.503,158.942,308.037,158.859,298.866,158.23,289.704,158.347,281.011,158.351,
39,292.587,129.097,286.716,130.717,277.184,129.804,267.351,129.877,257.597,130.18,247.482,130.271,237.425,130.24,227.495,130.13,217.484,129.784,207.629,129.647,198.246,129.586,
40,652,155,648.696,156.23,642.212,155.236,635.805,155.23,629.356,155.376,622.076,155.422,615.225,155.392,608.338,155.279,601.491,155.126,595.181,155.33,588.941,155.344,
41,351.578,130.432,345.98,131.925,336.236,131.018,326.787,130.974,317.645,131.22,307.868,131.501,298.085,131.481,288.397,131.352,278.643,130.936,269.511,130.98,260.667,130.981,
42,1189.51,102.914,1189.52,103.334,1187.63,102.08,1185.16,101.969,1183.15,102.111,1180.47,102.137,1177.88,102.187,1175.4,101.956,1173.06,101.608,1170.67,101.994,1168.76,102.028,
43,1386,178,1387.27,177.929,1387.25,176.71,1386.88,176.597,1386.73,176.516,1386.12,176.617,1385.21,176.576,1384.33,175.915,1383.8,175.459,1383.11,175.419,1383.01,175.362,
44,721.451,147.024,718.614,148.073,712.797,147,706.611,146.801,700.609,146.766,694.124,146.923,687.49,146.795,681.207,146.619,674.654,146.276,668.491,146.241,662.76,146.223,
45,1374,199,1375.26,199.208,1375.36,197.75,1374.18,197.438,1373.77,197.211,1372.76,197.088,1370.92,196.866,1370.66,196.494,1370,196.014,1368.45,195.828,1367.95,195.605,
46,418,149,412.909,150.234,403.972,149.577,395.343,149.561,386.746,149.597,377.693,149.779,368.566,149.755,359.61,149.762,350.492,149.554,342.086,149.423,333.735,149.474,
47,622.194,91.6702,618.741,93.0196,612.123,92.2908,604.731,92.2669,598.195,92.4939,591.189,92.7023,583.68,92.7322,576.756,92.7126,569.527,92.5281,561.589,92.529,555.052,92.6858,
48,975.636,93.7616,974.327,94.2234,970.591,93.2397,966.484,93.0858,962.747,93.2176,958.385,93.5357,953.814,93.4508,949.779,93.2418,945.512,92.785,941.281,92.9981,937.58,92.9529,
49,1163.48,223.735,1163.73,223.819,1161.76,222.486,1159.17,222.03,1156.88,221.729,1154.05,221.614,1150.93,221.333,1148.16,220.906,1145.54,220.319,1142.86,220.17,1140.63,219.994,
50,1341.19,211.729,1342.52,212.031,1342.07,210.47,1341.05,210.131,1340.4,209.952,1339.07,209.91,1337.78,209.96,1336.71,209.385,1335.99,208.523,1334.73,208.664,1334.07,208.436,
51,216.675,143.804,210.137,145.61,199.614,144.853,189.348,144.918,178.961,145.062,168.142,145.469,157.411,145.46,146.519,145.416,135.704,145.023,125.116,144.828,115.118,144.809,
52,931.779,233.495,930.033,233.818,926.209,232.37,921.695,231.893,917.537,231.704,913.051,231.653,907.913,231.572,903.486,231.251,899.364,230.395,894.62,230.397,890.414,230.305,
53,49,122,41.1643,124.134,29.3447,123.624,17.5363,123.71,5.51794,123.641,0,0,0,0,0,0,0,0,0,0,0,0,
54,1274.54,250.466,1275.83,250.871,1274.6,249.168,1273.26,248.869,1271.93,248.604,1269.99,248.188,1267.72,248.068,1266.12,247.273,1264.64,246.503,1262.72,246.388,1261.66,246.221,
55,275.801,133.187,269.684,134.885,259.81,134.038,249.87,133.964,240,134.173,229.942,134.541,219.577,134.412,209.624,134.349,199.636,133.95,189.114,133.829,179.482,133.663,
56,344.018,99.0677,338.177,100.682,328.986,100.104,319.562,100.085,310.433,100.305,300.868,100.838,291.116,100.782,281.367,100.658,271.571,100.378,261.902,100.271,253.11,100.236,
57,1132.12,148.012,1131.97,148.407,1129.57,147.06,1126.64,146.877,1124.07,146.774,1121.03,146.776,1117.22,146.526,1114.65,146.333,1111.82,146.035,1108.29,145.827,1105.94,145.779,
58,1205,284,1205.59,284.043,1203.72,282.499,1201.8,282.001,1200.19,281.627,1197.7,281.264,1195.64,280.572,1193.46,280.295,1190.93,279.468,1189.21,279.16,1187.53,278.892,
59,1325.51,100.113,1326.84,100.848,1325.93,99.5381,1325.13,99.5559,1324.35,99.4494,1323.01,99.5146,1321.77,99.4685,1320.7,99.257,1319.86,98.9898,1318.14,98.8618,1317.54,98.8577,
60,651.357,119.761,647.935,120.817,641.578,120.22,635.033,119.988,628.414,120.295,621.504,120.515,614.285,120.425,607.502,120.31,600.853,120.088,593.795,119.838,587.479,119.866,
61,263.766,199.391,257.577,200.766,247.899,199.912,237.822,199.709,227.936,199.867,217.42,199.746,207.053,199.558,196.681,199.388,186.234,198.717,176.304,198.578,166.785,198.472,
62,836.675,168.233,834.357,169.011,829.627,167.909,824.294,167.876,819.406,167.966,813.793,167.926,807.895,167.868,802.558,167.763,797.432,167.099,791.518,167.132,786.736,167.19,
63,750.726,91.3496,748.01,92.3803,742.755,91.4667,736.852,91.306,730.806,91.419,724.957,91.549,718.171,91.5084,712.588,91.3854,707.195,91.0753,700.594,91.0945,694.991,91.1781,
64,399.142,100.598,393.673,102.609,384.915,101.73,375.703,101.722,366.994,101.946,358.154,102.23,348.657,102.366,339.498,102.368,330.462,101.838,321.106,101.981,312.413,102.13,
65,1071.14,192.687,1070.74,193.145,1067.92,192.008,1064.67,191.801,1061.7,191.504,1058.25,191.443,1054.79,191.308,1051.43,190.794,1048.16,190.497,1045.05,190.569,1042.47,190.353,
66,722.729,174.881,719.716,175.376,714.383,174.665,708.164,174.358,702.254,174.253,695.844,174.441,689.132,174.105,682.637,173.866,676.091,173.544,670.115,173.19,664.342,173.086,
67,56.147,262.75,48.6127,264.456,36.8428,263.609,25.0853,263.216,13.3594,263.099,0.662355,263.141,0,0,0,0,0,0,0,0,0,0,
68,319,192,313.477,193.414,303.761,192.394,294.22,192.329,284.8,192.338,274.778,192.481,264.863,192.309,255.139,192.189,245.49,191.644,236.268,191.488,227.288,191.479,
69,290.49,184.153,284.347,185.562,274.968,184.719,265.092,184.636,255.332,184.744,245.247,184.838,235.092,184.702,225.121,184.614,214.988,184.17,204.861,184.011,195.55,183.935,
70,235,97,228.691,98.8238,218.707,98.216,208.24,98.2297,198.248,98.585,187.876,99.1405,177.198,99.02,166.863,99.051,156.425,98.7047,145.79,98.7514,135.928,98.8588,
71,863.673,179.972,861.54,180.691,857.081,179.43,851.795,179.33,846.967,179.285,841.801,179.314,836.095,179.216,830.955,179.085,825.905,178.486,820.573,178.365,815.963,178.277,
72,997.114,218.09,996.075,218.279,992.747,216.936,988.925,216.463,985.209,216.227,981.122,216.296,976.665,215.856,972.798,215.658,968.833,215.134,964.73,215.031,961.033,214.908,
73,22,258,14.05,259.643,-8.04335,257.322,0,0,0,0,0,0,0,0,0,0,0,0,0,0,0,0,
74,499.644,164.649,495.241,165.894,487.405,165.223,479.387,165.129,471.611,165.278,463.339,165.547,454.936,165.426,446.782,165.28,438.722,164.878,430.261,164.931,422.672,164.949,
75,540.008,206.871,535.551,208.081,528.518,206.917,520.895,206.699,513.406,206.633,505.401,206.751,497.19,206.517,489.114,206.388,481.312,205.885,473.563,205.736,466.431,205.556,
76,1112.18,227.98,1111.95,228.268,1109.67,226.731,1106.52,226.415,1103.51,226.255,1100.4,226.125,1096.83,225.673,1093.79,225.204,1090.69,224.783,1087.19,224.574,1084.58,224.3,
77,409.806,175.183,404.272,176.43,395.95,175.747,387.182,175.598,378.536,175.655,369.596,175.779,360.239,175.767,351.227,175.626,342.21,175.28,332.727,175.206,324.284,175.171,
78,83.3737,106.572,75.5532,108.585,64.1015,108.196,52.5239,108.322,40.8199,108.861,29.0436,109.115,17.0519,109.126,3.36248,109.269,0,0,0,0,0,0,
79,454.996,210.329,450.366,211.762,442.139,210.686,433.884,210.561,425.687,210.576,416.972,210.509,408.214,210.355,399.688,210.247,391.137,209.729,382.625,209.704,374.716,209.629,
80,1381.61,272.41,1383.14,272.442,1383.24,270.845,1382.19,270.314,1381.69,269.689,1380.77,269.419,1378.84,268.818,1378.42,268.426,1378.18,267.702,1376.29,267.092,1375.98,266.769,
81,551.05,179.018,546.716,180.376,539.541,179.288,531.726,179.188,524.212,179.296,516.372,179.653,508.247,179.384,500.527,179.264,492.868,178.811,484.667,178.805,477.192,178.817,
82,628.605,121.075,625.227,122.324,618.593,121.547,611.808,121.553,605.045,121.694,597.869,121.975,590.679,121.866,583.582,121.907,576.619,121.753,569.698,121.735,563.324,121.795,
83,2.06694,346.81,0,0,0,0,0,0,0,0,0,0,0,0,0,0,0,0,0,0,0,0,
84,430,229,425.089,230.229,416.612,228.987,408.183,228.752,399.918,228.748,390.857,228.845,382.001,228.519,373.236,228.023,364.426,227.232,355.865,227.117,347.693,227.1,
85,1367.63,162.19,1369.39,162.753,1368.95,161.283,1368.33,161.445,1368.11,161.434,1366.95,161.42,1366.44,161.766,1365.09,161.271,1364.37,160.878,1363.8,160.825,1363.6,160.721,
86,1190.93,194.723,1190.98,194.746,1189.23,193.505,1186.87,193.148,1184.82,192.825,1182.33,192.666,1180.12,192.1,1177.69,191.91,1175.36,191.492,1173.32,191.139,1171.44,191.01,
87,882.228,107.6,879.94,108.343,875.626,107.582,870.745,107.515,866.097,107.656,860.891,107.842,855.411,107.907,850.563,107.773,845.602,107.355,840.824,107.584,836.487,107.657,
88,951.506,353.72,950.049,353.873,946.542,352.39,941.639,351.442,937.568,350.887,933.678,350.689,928.257,349.808,924.856,349.176,920.218,348.11,914.81,347.552,911.502,347.222,
89,122,136,114.975,137.865,104.043,137.171,92.9186,137.177,81.6214,137.425,70.4782,137.904,58.9525,137.774,47.4555,137.771,36.2142,137.381,24.3425,137.373,13.4662,137.306,
90,1213.35,131.721,1213.78,131.987,1212.16,130.965,1210.13,130.803,1208.38,130.74,1205.95,130.747,1203.32,130.611,1201.12,130.513,1198.91,130.129,1196.58,129.657,1194.84,129.701,
91,1028,188,1026.92,188.293,1023.74,186.965,1019.79,186.616,1016.3,186.472,1012.44,186.549,1007.87,186.272,1004.29,186.075,1000.9,185.652,996.34,185.358,993.058,185.21,
92,332,237,326.438,238.277,317.122,237.295,307.845,236.959,298.613,236.827,288.735,236.917,278.944,236.604,269.265,236.344,259.682,235.731,250.195,235.416,241.335,235.151,
93,692.552,219.512,689.396,220.502,683.443,219.326,676.729,219.21,670.584,219.145,664.041,219.149,657.081,218.882,650.761,218.596,644.23,218.165,636.836,218.164,630.75,218.009,
94,29,209,20.9441,210.788,9.15704,209.637,0,0,0,0,0,0,0,0,0,0,0,0,0,0,0,0,
95,1223.78,181.827,1224.63,182.409,1222.99,180.998,1221.29,180.818,1219.8,180.693,1217.55,180.62,1216.13,180.465,1213.65,180.131,1211.56,179.718,1210.96,179.685,1209.34,179.563,
96,1316.67,192.384,1317.1,192.697,1316.35,191.179,1315.17,190.785,1314.41,190.561,1313,190.482,1311.49,190.314,1310.13,190.064,1308.85,189.505,1307.19,189.572,1306.52,189.438,
97,531.1,358.411,527.554,359.034,520.238,357.804,512.514,357.161,505.091,356.603,497.117,356.382,489.051,355.573,481.214,355.155,473.414,354.243,465.259,353.664,458.14,353.242,
98,73.0745,200.87,65.496,202.736,54.1633,201.904,42.5357,201.823,30.997,201.937,18.9401,202.15,4.67936,202.017,0,0,0,0,0,0,0,0,
99,316,84,310.41,85.2997,300.691,84.5395,291.303,84.537,281.968,84.7678,271.926,85.3272,262.065,85.3453,252.056,85.3916,242.466,85.0964,232.972,85.0559,223.652,85.2708,
100,505.271,202.374,501.402,203.325,493.412,202.88,485.36,202.593,477.387,202.709,469.252,202.857,460.768,202.706,452.828,202.601,445.005,202.429,436.662,202.166,429.314,202.164,
101,1182.39,162.123,1182.27,162.673,1180.51,161.367,1178.03,161.146,1175.86,161.097,1173.24,161.065,1170.15,160.812,1167.74,160.535,1165.37,160.235,1162.18,160.282,1160.13,160.291,
102,1201,167,1201.09,167.735,1199.43,166.432,1196.88,166.393,1194.87,166.398,1192.35,166.385,1189.36,166.468,1187.33,166.191,1185.48,165.741,1182.49,165.764,1180.71,165.756,
103,376,256,370.665,257.618,361.729,256.163,352.628,256.02,343.72,255.976,334.264,255.975,324.824,255.884,315.494,255.662,306.379,254.624,297.247,254.71,288.692,254.589,
104,1150.52,110.064,1150.61,110.718,1148.43,109.609,1146.02,109.645,1143.91,109.695,1141.11,109.836,1138.83,109.896,1135.38,109.652,1132.59,109.175,1130.53,109.327,1128.5,109.356,
105,938,156,936.631,156.395,932.595,155.248,928.118,154.924,924.076,154.932,919.391,155.215,914.838,154.936,910.225,154.805,905.417,154.718,901.472,154.712,897.381,154.753,
106,356.714,256.394,351.296,257.911,342.285,256.481,333.19,256.151,324.111,256.118,314.686,256.107,305.052,255.743,295.744,255.446,286.245,254.704,276.595,254.365,267.816,254.123,
107,192,133,185.612,134.515,175.264,134.366,164.491,134.247,154.104,134.441,143.437,134.698,132.365,134.646,121.531,134.791,110.701,134.41,99.5151,134.377,89.2986,134.403,
108,1395.06,144.93,1395.45,145.197,1395.29,143.278,1395.27,143.518,1395.3,143.558,1395.04,143.645,1394.75,143.896,1394.41,143.464,1394.27,143.03,1394.03,143.349,1394,143.286,
109,285,104,279.124,105.514,269.256,104.83,259.354,104.97,249.483,105.258,238.945,105.442,228.83,105.529,218.617,105.51,208.523,105.22,198.616,105.302,189.263,105.49,
110,603,117,599.213,118.45,592.096,117.561,584.816,117.464,577.816,117.728,570.285,118.117,562.637,117.943,555.289,117.927,547.948,117.59,540.536,117.541,533.803,117.535,
111,434.152,175.802,429.155,177.129,420.882,176.276,412.463,176.087,404.145,176.185,395.203,176.479,386.295,176.418,377.59,176.248,368.724,175.932,359.923,175.726,351.756,175.698,
112,879.393,204.423,877.571,205.06,873.207,203.762,868.375,203.436,863.85,203.346,858.731,203.426,853.242,203.328,848.294,203.107,843.622,202.62,838.392,202.615,833.895,202.52,
113,744.625,267.18,741.993,267.741,736.889,266.281,730.665,265.836,724.852,265.613,718.794,265.492,712.11,265.115,706.463,264.581,700.463,263.917,694.128,263.543,688.609,263.315,
114,2.53427,135.712,0,0,0,0,0,0,0,0,0,0,0,0,0,0,0,0,0,0,0,0,
115,744.733,111.096,741.611,112.531,736.435,111.152,730.365,111.061,724.658,111.152,718.402,111.159,712.029,111.099,705.816,111.031,699.694,110.91,693.57,110.855,687.836,110.901,
116,138,264,130.946,265.718,120.127,264.431,108.844,263.991,97.9721,263.944,86.6352,264.018,75.3577,263.661,64.1304,263.335,53.0108,262.413,41.2921,261.904,30.5053,261.72,
117,476.928,101.277,472.066,102.957,463.853,102.205,455.51,102.268,447.364,102.415,438.818,102.872,429.963,102.849,421.576,102.777,413.04,102.464,404.655,102.564,396.707,102.646,
118,1182.95,135.805,1183.3,136.781,1181.45,135.24,1179.22,135.221,1177.21,135.245,1174.55,135.28,1171.85,135.213,1169.43,134.914,1167.1,134.482,1164.38,134.432,1162.44,134.382,
119,982.507,261.957,981.409,262.368,977.776,260.961,973.9,260.431,970.328,260.089,965.985,259.916,961.719,259.75,957.607,259.393,953.706,258.623,950.018,258.675,946.541,258.327,
120,316,149,310.061,150.714,300.904,149.564,291.311,149.493,281.996,149.602,272.149,149.875,262.219,149.784,252.406,149.665,242.535,148.777,232.681,149.002,223.732,149.072,
121,948.705,170.391,947.248,170.942,943.556,169.575,939.055,169.444,934.967,169.436,930.538,169.437,925.536,169.461,921.461,169.121,917.105,168.667,912.222,168.95,908.271,168.974,
122,1059.89,156.635,1059.12,157.037,1056.25,155.849,1052.94,155.593,1049.92,155.403,1046.17,155.501,1042.7,155.234,1038.72,154.694,1035.49,154.308,1032.38,154.185,1029.62,154.21,
123,1.93778,194.226,0,0,0,0,0,0,0,0,0,0,0,0,0,0,0,0,0,0,0,0,
124,1365.01,235.328,1366.21,235.346,1366.04,233.82,1365.21,233.364,1364.66,233.07,1363.58,232.774,1362.18,232.228,1361.4,231.763,1360.77,231.264,1359.79,230.877,1359.25,230.511,
125,120,181,112.843,182.796,101.654,181.811,90.498,181.708,79.3249,181.859,67.541,182.219,55.9312,182.215,44.3904,182.133,32.8692,181.481,21.7697,181.471,11.2303,181.372,
126,547.676,172.13,543.669,173.23,536.222,172.397,528.452,172.307,520.971,172.387,513.126,172.729,505.049,172.513,497.405,172.386,489.837,171.979,481.76,171.982,474.326,171.99,
127,369.885,350.509,364.249,351.183,355.569,349.827,346.261,349.109,337.179,348.717,328.249,348.544,318.919,347.824,309.908,347.173,300.596,346.149,290.833,345.453,281.908,344.874,
128,473,141,468.186,142.743,460.412,141.699,452.189,141.737,444.03,141.827,435.401,142.437,426.77,142.291,418.471,142.195,410.076,142,401.356,141.895,393.466,142.032,
129,1271.18,228.547,1272.06,228.755,1270.87,227.621,1269.45,226.95,1268.02,226.394,1266.22,226.144,1263.46,226.112,1262.05,225.809,1261.04,224.679,1258.17,224.707,1256.76,224.492,
130,1253.77,202.691,1254.4,202.915,1252.52,201.672,1251.16,201.259,1250.05,200.812,1248.03,200.637,1245.89,200.327,1244.06,199.931,1242.76,199.399,1239.92,199.109,1238.56,198.881,
131,1056.36,138.123,1055.34,138.55,1052.66,137.549,1049.05,137.439,1045.91,137.26,1042.14,137.419,1037.96,137.299,1034.57,136.923,1031.3,136.546,1027.19,136.421,1024.15,136.338,
132,913.177,161.878,911.666,162.514,907.401,161.296,902.723,161.23,898.333,161.211,893.507,161.184,888.261,161.337,883.718,161.089,879.319,160.521,873.984,160.991,869.69,161.054,
133,168.412,166.241,161.364,168.051,150.532,167.404,139.698,167.243,129.058,167.585,117.801,167.991,106.544,167.873,95.4151,167.799,84.2129,167.381,73.3773,167.113,62.9099,166.953,
134,487.271,190.148,482.863,191.389,474.9,190.413,466.695,190.35,458.606,190.329,450.121,190.485,441.7,190.372,433.383,190.249,425.055,189.639,416.893,189.537,409.168,189.465,
135,1056.72,179.217,1056.33,179.266,1053.51,178.166,1049.96,178.011,1046.91,177.588,1043.18,177.784,1039.23,177.574,1035.74,177.257,1032.17,176.967,1028.29,176.963,1025.29,176.837,
136,376,188,370.449,189.114,361.786,188.51,352.734,188.383,343.839,188.412,334.253,188.47,324.871,188.418,315.577,188.242,306.058,187.64,296.89,187.521,288.232,187.446,
137,552.387,140.356,548.513,141.711,541.089,140.91,533.468,140.855,526.133,140.907,518.133,141.397,510.302,141.215,502.604,141.191,494.628,140.891,487.096,140.568,480.003,140.607,
138,1282.7,208.672,1283.21,208.556,1282.12,206.977,1280.41,206.532,1279.01,206.476,1277.17,206.437,1274.8,205.953,1273.14,205.758,1271.81,205.062,1269.26,204.49,1268.14,204.357,
139,1351,123,1352.51,123.413,1351.82,122.057,1350.82,122.008,1350.27,122.045,1349.09,122.158,1348.01,122.504,1346.78,122.247,1345.91,121.843,1344.87,122.256,1344.32,122.166,
140,40.6665,84.4454,32.4547,86.5177,20.6254,85.9129,0,0,0,0,0,0,0,0,0,0,0,0,0,0,0,0,
141,1282.04,97.7559,1283.05,98.423,1282.13,97.2202,1280.68,97.161,1279.58,97.1257,1277.83,97.0891,1276.58,96.971,1274.68,96.8197,1272.77,96.397,1272.78,96.5677,1271.72,96.5572,
142,349.839,162.064,344.134,163.498,335.101,162.55,325.636,162.461,316.553,162.58,307.214,162.73,297.344,162.694,287.702,162.467,278.16,162.079,268.512,162.146,259.662,162.14,
143,741,132,738.352,132.915,732.705,132.035,726.812,132.02,721.011,131.966,714.756,132.039,708.578,131.915,702.49,131.774,696.355,131.381,690.382,131.333,684.667,131.453,
144,724.144,202.186,721.542,203.008,715.481,202.014,709.53,201.854,703.462,201.842,696.923,201.925,690.421,201.771,684.205,201.445,678.093,200.913,671.737,200.925,666.028,200.82,
145,971.909,125.739,971.029,126.252,967.137,125.046,963.089,124.885,959.255,124.94,954.803,125.095,950.439,125.146,946.321,124.714,942.276,124.469,938.194,124.621,934.488,124.586,
146,349.878,209.889,344.133,211.328,335.13,210.104,325.789,209.927,316.801,209.998,306.999,210.135,297.445,209.974,287.959,209.683,278.283,209.219,268.753,209.18,259.897,209.048,
147,1122.67,121.133,1122.38,121.718,1119.91,120.689,1116.95,120.5,1114.37,120.507,1111.25,120.542,1107.72,120.461,1104.92,120.272,1102.12,119.939,1098.51,119.928,1096.06,119.933,
148,522,106,517.513,107.497,509.623,106.799,501.737,106.803,494.153,106.917,486.048,107.394,477.661,107.336,469.721,107.412,461.91,107.202,453.363,107.245,445.778,107.387,
149,47,188,38.9807,189.754,27.1608,189.105,15.3911,189.035,0.331057,184.61,0,0,0,0,0,0,0,0,0,0,0,0,
150,783.952,159.547,781.219,160.095,776.095,159.104,770.302,158.869,764.852,158.883,758.91,159.026,752.711,158.817,747.085,158.71,741.203,158.381,735.271,158.317,729.926,158.287,
151,898.694,290.863,897.194,291.365,893.062,289.704,888.346,289.248,883.917,288.998,879.052,288.826,873.62,288.52,869.067,287.979,864.235,287.231,859.055,286.738,854.847,286.42,
152,67,292,59.339,293.475,47.7697,292.441,36.1752,292.069,24.7977,291.75,12.822,291.936,-0.928922,291.214,0,0,0,0,0,0,0,0,
153,1197,146,1196.56,146.426,1194.95,144.791,1192.65,144.742,1190.6,144.72,1188.11,144.652,1184.98,144.61,1182.85,144.52,1180.55,144.171,1177.06,144.232,1174.96,144.221,
154,1032.61,244.971,1031.79,245.415,1028.59,243.866,1025.28,243.493,1022.04,243.151,1018.25,243.059,1014.13,242.641,1010.58,242.219,1007.3,241.46,1003.29,241.325,1000.25,240.932,
155,963,219,961.932,219.367,958.534,218.117,954.061,217.735,949.815,217.442,945.458,217.496,940.499,217.263,936.399,216.846,932.659,216.169,928.066,215.998,924.148,215.781,
156,526.71,153.369,522.343,155.063,514.389,153.656,506.492,153.588,498.924,153.612,490.852,153.842,482.68,153.768,474.677,153.77,466.699,153.481,458.47,153.481,451.228,153.467,
157,370.21,216.188,365.027,217.446,356.008,216.55,346.772,216.292,337.76,216.28,328.434,216.343,318.855,216.037,309.518,215.798,300.375,215.274,290.712,215.16,282.065,215.121,
158,544,235,539.495,236.104,532.361,235.002,524.589,234.738,516.946,234.582,509.119,234.75,501.044,234.323,493.389,234.043,485.509,233.427,477.067,233.055,469.448,232.853,
159,1350.72,186.078,1351.44,186.347,1351.57,185.029,1350.1,184.598,1349.32,184.445,1348.07,184.301,1346.22,183.858,1345.37,183.595,1344.63,183.173,1342.96,183.058,1342.41,182.979,
160,848.516,256.366,846.283,256.718,841.603,255.519,836.365,254.889,831.49,254.72,826.194,254.649,820.46,254.491,815.324,254.24,810.13,253.297,804.39,253.204,799.751,253.109,
161,641.269,244.808,637.938,245.753,631.493,244.467,624.659,244.091,618.061,243.986,611.185,243.917,603.644,243.596,596.538,243.409,589.623,242.729,582.399,242.488,575.927,242.164,
162,314,264,308.489,265.577,298.971,264.068,289.417,263.77,280.002,263.704,270.033,263.726,260.138,263.489,250.471,263.266,240.183,262.565,230.814,262.099,221.804,261.903,
163,697.848,308.494,695.232,309.147,689.261,307.604,682.888,307.063,676.927,306.697,670.484,306.629,663.321,306.085,656.876,305.592,650.502,304.839,643.835,304.295,637.834,303.932,
164,592.869,213.517,589.076,214.733,582.347,213.392,574.898,213.199,567.773,213.182,560.343,213.265,552.622,213.096,545.331,212.95,537.984,212.447,530.408,212.412,523.453,212.228,
165,482.387,264.581,478.382,265.547,470.339,264.449,462.331,264.061,454.364,263.699,446.073,263.838,437.606,263.339,429.318,263.012,421.04,262.473,412.608,262.292,404.943,262.071,
166,952,197,951.097,197.484,947.042,196.042,943.077,195.768,939.185,195.711,934.568,195.766,930.26,195.565,925.579,195.395,921.055,194.868,917.088,194.701,913.14,194.618,
167,149,194,141.874,195.783,131.033,194.817,119.97,194.717,109.277,194.785,97.9139,194.846,86.5093,194.717,75.165,194.624,63.9032,193.923,52.963,193.876,42.4362,193.954,
168,106.78,82.3098,99.5781,84.1088,87.9352,83.6131,76.7113,83.8159,65.3142,84.2899,53.6629,84.6082,41.6664,84.7005,29.916,84.8605,18.0463,84.2668,5.03469,84.3239,0,0,
169,744.089,172.703,742.103,173.571,735.813,172.272,729.939,172.125,724.274,172.001,718.079,171.99,711.645,171.852,705.674,171.667,699.763,171.191,693.515,171.112,688.006,171.01,
170,1328,303,1329.37,303.151,1328.83,301.364,1327.92,300.672,1327.11,300.241,1325.57,299.756,1324.2,299.694,1323.07,298.812,1321.87,297.86,1320.73,297.731,1319.9,297.219,
171,1396.07,363.882,1396.4,363.489,1396.43,361.823,1396.17,360.606,1395.91,360.12,1395.96,359.721,1395.68,358.519,1395.59,357.923,1395.31,356.883,1395.23,356.136,1395.27,355.787,
172,87.036,280.27,79.6881,282.056,68.39,280.574,56.9505,280.319,45.5923,280.27,33.8338,280.238,21.9781,279.882,10.5028,279.419,0,0,0,0,0,0,
173,799,101,796.626,101.947,791.446,101.016,785.852,100.918,780.5,100.962,774.723,101.212,768.758,100.989,763.092,100.985,757.583,100.741,751.969,100.562,746.945,100.577,
174,429,254,424.517,255.312,415.623,254.013,407.37,253.564,399.156,253.305,390.037,253.499,381.175,252.954,372.298,252.808,363.406,252.193,354.911,251.538,346.843,251.226,
175,1029.51,142.264,1028.9,142.505,1025.62,141.48,1021.85,141.267,1018.51,141.175,1014.63,141.275,1010.29,141.138,1006.78,140.813,1002.99,140.309,998.762,140.401,995.38,140.303,
176,165.643,191.723,158.702,193.51,147.606,192.625,136.633,192.473,125.913,192.6,114.581,192.851,103.304,192.705,92.0974,192.609,80.831,192.26,69.9863,192.028,59.5378,191.877,
177,150,97,143.275,98.8819,132.311,98.5439,121.21,98.5763,110.336,99.0143,99.3408,99.492,87.9548,99.5181,76.786,99.6179,65.5337,99.3681,54.1971,99.3369,43.6664,99.5386,
178,876.613,88.7625,874.382,89.8459,870.196,88.7608,865.467,88.6932,860.763,88.7548,855.505,89.0087,850.095,89.0764,845.347,89.0568,840.39,88.4493,835.246,88.8365,830.727,88.9046,
179,596.209,156.631,592.597,158.195,585.462,157.052,578.361,156.985,571.609,157.129,563.907,157.398,556.42,157.214,549.164,157.111,541.575,156.883,534.526,156.818,527.851,156.794,
180,1395.8,207.183,1396.46,207.7,1396.47,205.956,1396.37,205.909,1396.35,205.672,1396.09,205.637,1396.15,205.298,1395.76,204.98,1395.58,204.682,1395.85,204.381,1395.84,204.204,
181,892.356,232.524,890.536,233.126,886.229,231.646,881.323,231.368,877.019,231.188,872.08,231.154,866.972,230.888,862.262,230.549,857.441,230.059,852.785,229.737,848.656,229.476,
182,497.761,236.771,493.473,237.82,485.508,236.883,477.686,236.648,469.994,236.455,461.692,236.607,453.174,236.165,444.933,235.607,436.674,235.073,428.567,234.937,421.021,234.678,
183,1321.14,248.423,1322.17,248.598,1321.78,246.721,1320.58,246.393,1319.59,245.917,1318.19,245.667,1316.71,245.514,1315.56,245.05,1314.62,244.509,1313.19,244.331,1312.34,244.126,
184,182.017,228.131,175.303,229.574,164.766,228.465,153.93,228.306,143.403,228.313,132.403,228.374,121.138,228.179,110.411,228.061,99.292,227.637,88.4592,227.442,78.1546,227.33,
185,993.089,153.691,991.977,154.281,988.794,153.135,985.024,153.062,981.5,153.141,977.204,153.203,973.059,153.391,969.012,153.033,964.969,152.399,960.864,152.86,957.441,152.856,
186,809.619,148.809,807.301,149.679,802.266,148.587,796.851,148.596,791.655,148.678,785.875,148.749,780.013,148.889,774.55,148.768,768.975,148.189,763.315,148.505,758.194,148.575,
187,1172,240,1172.34,240.252,1170.34,238.686,1167.95,238.458,1166.05,238.108,1163.51,237.872,1161.1,237.54,1158.26,237.095,1155.93,236.406,1153.89,236.236,1152.01,236.035,
188,221.837,176.284,215.562,177.765,205.333,176.953,194.78,176.823,184.664,176.962,174.131,177.178,163.188,177.068,152.782,176.994,141.948,176.457,131.343,176.27,121.398,176.232,
189,1232,114,1232.24,114.474,1230.83,113.615,1228.77,113.492,1226.98,113.567,1224.85,113.595,1221.82,113.697,1219.98,113.395,1218.14,112.788,1215.53,112.988,1213.84,113.004,
190,101,217,93.75,218.676,82.2646,217.818,70.7641,217.616,59.5901,217.756,47.9749,218.11,36.1002,217.856,24.7434,217.676,13.4454,216.991,0.468654,215.2,0,0,
191,854.948,134.282,852.906,134.769,848.054,133.951,842.802,133.813,837.964,133.771,832.51,133.835,826.895,133.724,821.814,133.709,816.83,133.288,811.468,133.09,806.748,133.128,
192,34.1915,290.023,26.7466,291.686,14.9667,290.519,2.67304,290.765,-5.30718,287.952,0,0,0,0,0,0,0,0,0,0,0,0,
193,152.179,157.955,145.071,159.808,134.15,159.287,123.023,159.215,112.172,159.412,100.802,159.8,89.3512,159.714,78.1187,159.637,66.8513,159.149,55.5667,158.919,44.8649,159.013,
194,1061.99,256.623,1061.78,256.877,1058.99,255.172,1055.54,254.928,1052.54,254.566,1048.85,254.393,1045.56,254.256,1041.96,253.848,1038.52,252.972,1035.54,252.745,1032.68,252.516,
195,996,175,995.058,175.347,991.544,174.181,987.718,173.718,984.144,173.645,979.965,173.773,976.294,173.628,972.269,173.444,968.55,173.074,964.95,173.105,961.448,172.984,
196,392.205,219.771,386.82,221.313,378.314,219.998,369.476,219.705,360.706,219.737,351.487,219.813,342.21,219.69,332.906,219.502,323.405,218.969,314.462,218.83,305.859,218.722,
197,68.6929,85.0943,61.2278,87.0763,49.8753,86.5003,37.994,86.7109,26.1158,86.9889,14.3409,87.4951,-0.157862,87.19,0,0,0,0,0,0,0,0,
198,1090.75,311.532,1090.39,311.54,1087.85,309.953,1084.76,309.352,1081.96,308.926,1078.61,308.542,1075.28,308.062,1072.09,307.324,1069.16,306.354,1066.06,305.9,1063.26,305.466,
199,597,261,593.491,262.102,586.328,260.578,579.385,260.26,572.434,260.185,565.02,260.159,557.746,259.715,550.247,259.438,543.124,258.784,535.924,258.446,529.172,257.963,
200,1359,223,1360.86,223.116,1360.07,221.561,1359.54,221.129,1359.08,220.858,1357.77,220.72,1356.75,220.515,1355.43,220.273,1354.58,219.63,1353.61,219.496,1353.16,219.282,
201,443.762,150.549,439.137,152.087,430.581,151.41,422.037,151.235,413.737,151.32,404.974,151.613,396.04,151.555,387.469,151.479,378.407,151.069,370.076,150.942,362.157,151.002,
202,87.8176,254.921,80.4394,256.564,68.8094,255.603,57.196,255.162,46.0029,255.248,33.8915,255.216,22.2157,254.749,10.4388,254.477,-1.70572,252.267,0,0,0,0,
203,571.296,210.66,567.639,212.017,560.085,210.605,552.592,210.485,545.469,210.399,537.784,210.449,530.073,210.268,522.78,210.177,515.432,209.703,507.973,209.661,500.899,209.568,
204,1285.75,153.795,1286.97,154.119,1285.7,153.331,1284.25,153.163,1283.09,153.124,1281.33,152.99,1279.66,152.942,1277.9,152.714,1276.28,152.123,1274.92,151.902,1273.95,151.799,
205,1333,179,1334.52,179.227,1333.87,177.865,1332.81,177.543,1332.09,177.235,1330.69,177.215,1329.37,177.091,1327.94,176.561,1326.88,175.975,1325.82,176.144,1325.16,176.012,
206,1079,117,1078.48,117.604,1075.23,116.165,1072.08,116.211,1069.21,116.139,1065.66,116.229,1062.41,116.267,1059.05,115.982,1055.74,115.598,1052.5,115.811,1049.62,115.761,
207,121.874,100.111,114.638,102.096,103.398,101.376,92.1533,101.489,81.0614,101.813,69.8955,102.482,58.1465,102.447,46.7276,102.487,34.9027,102.054,23.3968,102.264,12.4523,102.403,
208,1158.36,144.734,1158.24,145.024,1156.13,143.894,1153.6,143.739,1151.41,143.618,1148.44,143.604,1145.91,143.487,1143.18,143.281,1140.71,142.941,1138.06,142.856,1135.93,142.832,
209,87.5884,145.426,80.5784,147.314,69.0008,146.49,57.7255,146.59,46.2613,146.913,34.4636,147.101,22.6705,147.118,10.9291,147.002,0,0,0,0,0,0,
210,1201,262,1201.35,262.224,1199.86,260.496,1197.67,259.976,1195.85,259.739,1193.35,259.469,1190.67,259.089,1188.54,258.465,1186.53,257.652,1184.12,257.292,1182.27,256.916,
211,332.653,274.117,327.273,275.456,318.008,274.194,308.461,273.996,299.08,273.888,289.73,273.798,279.48,273.406,269.708,273.113,260.012,272.402,250.226,272.02,241.033,271.705,
212,1071.12,225.181,1070.73,225.54,1067.63,223.812,1064.38,223.585,1061.69,223.354,1058.13,223.249,1054.39,222.909,1050.98,222.462,1047.91,221.943,1044.39,221.833,1041.65,221.518,
213,213.471,101.079,206.95,102.753,196.67,102.295,186.255,102.472,175.819,102.737,165.382,103.129,154.673,103.137,144.123,103.14,133.251,102.826,122.568,102.985,112.575,103.036,
214,210.051,159.873,203.486,161.469,192.774,160.721,182.404,160.65,172.003,160.835,161.228,161.149,150.503,160.974,139.587,160.945,128.586,160.501,118.088,160.527,108.07,160.531,
215,1136,221,1136.05,221.331,1133.98,219.963,1131.02,219.526,1128.54,219.191,1125.62,219.031,1122.55,218.581,1119.71,218.011,1116.89,217.475,1113.94,217.189,1111.69,216.9,
216,810.077,357.442,808,357.71,803.207,356.058,797.687,355.21,792.997,354.608,787.621,354.216,781.782,353.558,776.531,353.046,771.742,351.931,765.991,351.352,761.435,350.85,
217,36.239,138.378,28.2888,140.45,16.5099,139.643,3.64613,139.646,0,0,0,0,0,0,0,0,0,0,0,0,0,0,
218,713,118,710.213,119.33,704.198,118.278,697.824,118.334,691.764,118.54,685.334,118.703,678.67,118.754,672.376,118.565,665.965,118.257,659.43,118.441,653.674,118.488,
219,520.986,121.029,516.638,122.407,508.852,121.758,500.984,121.696,493.262,121.78,484.678,122.411,476.809,122.343,468.669,122.394,460.405,122.051,452.694,121.819,445.305,121.898,
220,221.913,211.517,215.08,212.914,205.048,212.039,194.552,211.848,184.225,211.81,173.571,212.046,162.807,211.749,152.048,211.502,141.278,211.004,130.997,210.869,121.085,210.848,
221,1338.56,232.502,1339.86,232.536,1339.64,231.095,1338.31,230.47,1337.62,230.055,1336.4,229.903,1335.05,229.474,1333.97,229.04,1333.19,228.496,1332,228.306,1331.43,227.916,
222,1212,193,1212.72,193.482,1211.24,191.882,1209.12,191.618,1207.33,191.494,1205.05,191.444,1202.5,191.582,1200.2,191.225,1198.17,190.572,1195.88,190.498,1194.2,190.204,
223,1087,205,1086.79,205.248,1084.58,203.827,1081.51,203.522,1078.57,203.305,1075.14,203.211,1072.12,202.878,1068.66,202.447,1065.39,201.974,1062.9,201.836,1060.27,201.68,
224,16.6861,234.313,0.272707,235.745,0,0,0,0,0,0,0,0,0,0,0,0,0,0,0,0,0,0,
225,577,129,573.096,130.831,566.176,129.494,558.914,129.429,551.707,129.496,544.237,129.85,536.351,129.734,528.818,129.826,521.145,129.549,513.613,129.297,506.709,129.329,
226,1088.12,142.435,1087.29,142.49,1084.27,141.575,1080.97,141.304,1078.14,141.181,1074.76,141.193,1071.16,141.035,1068.13,140.835,1064.69,140.178,1061.36,140.048,1058.45,140.072,
227,99,167,91.46,168.598,80.0287,168.221,68.6015,168.176,57.1762,168.286,45.5892,168.427,33.7558,168.436,22.2853,168.291,10.7851,167.916,-7.04648,167.346,0,0,
228,1229.63,255.516,1230.6,255.534,1229.01,254.11,1227.08,253.365,1225.77,253.076,1223.55,252.826,1221.87,252.262,1219.64,251.831,1217.64,251.273,1215.96,250.595,1214.39,250.29,
229,917.009,239.971,915.654,240.323,911.283,239.075,906.807,238.495,902.472,238.122,897.764,238.062,892.452,237.743,887.812,237.554,883.803,236.854,878.671,236.426,874.333,236.209,
230,547,119,542.981,120.516,535.61,119.652,527.904,119.666,520.364,119.849,512.584,120.136,504.455,120.2,496.845,120.034,489.151,119.914,480.918,119.817,473.469,119.887,
231,1099,284,1098.72,284.304,1096.26,282.649,1093.02,282.14,1090.41,281.656,1087.21,281.448,1083.9,280.919,1081.24,280.588,1078.13,279.72,1074.9,279.326,1072.35,279.006,
232,642.784,324.742,639.615,325.327,632.815,323.71,626.081,323.263,619.383,323.028,612.286,322.916,604.989,322.376,598.228,321.991,590.927,321.186,584.064,320.796,577.758,320.421,
233,972,303,970.714,303.153,967.475,301.529,963.204,300.959,959.21,300.63,954.954,300.495,950.058,299.847,946.486,299.27,942.296,298.545,937.325,297.962,933.698,297.437,
234,819.952,114.801,817.522,115.667,812.338,114.681,806.923,114.566,801.762,114.576,795.943,114.585,790.214,114.487,784.602,114.489,778.741,114.195,773.088,114.117,768.117,114.139,
235,8.6051,178.02,0.955285,179.922,0,0,0,0,0,0,0,0,0,0,0,0,0,0,0,0,0,0,
236,921,177,919.174,177.884,915.662,176.312,910.874,176.134,906.33,176.116,901.76,176.217,896.226,176.365,891.849,176.068,887.648,175.528,882.155,175.658,878.058,175.57,
237,249.148,271.519,242.915,272.5,233.098,271.531,223.267,271.12,213.192,271.015,202.853,270.855,192.327,270.469,182.02,270.074,171.701,269.278,161.499,268.822,151.668,268.518,
238,677.94,244.973,675.128,246.083,668.786,244.51,662.287,244.219,656.164,244.049,649.149,244.11,642.458,243.731,635.656,243.443,628.811,242.914,622.86,242.608,616.855,242.409,
239,23,91,14.9438,93.1397,1.46022,92.6587,0,0,0,0,0,0,0,0,0,0,0,0,0,0,0,0,
240,372.143,112.713,366.247,114.413,357.429,114.073,348.291,114.088,339.087,114.229,329.087,114.44,319.66,114.438,310.317,114.545,300.829,114.353,291.722,114.344,283.14,114.354,
241,827,243,824.98,243.48,819.815,242.406,814.827,241.857,809.992,241.675,804.537,241.563,798.949,241.144,793.512,240.925,787.974,240.515,782.802,240.244,778.018,240.018,
242,619,246,615.36,246.997,608.694,245.797,601.777,245.388,595.09,245.262,587.68,245.205,580.401,244.739,573.392,244.531,566.277,244.069,559.335,243.724,552.657,243.409,
243,694.731,186.59,691.925,186.963,685.547,186.596,679.228,186.357,673.118,186.388,666.385,186.498,659.669,186.386,653.285,186.254,646.938,185.914,640.474,185.932,634.617,185.907,
244,1309,281,1309.99,281.12,1309.18,279.318,1307.71,278.926,1306.77,278.191,1305.07,277.772,1302.69,277.272,1301.35,276.842,1300.66,275.894,1298.59,275.463,1297.59,275.104,
245,778,249,775.684,249.673,770.278,248.228,764.794,247.826,759.402,247.579,753.368,247.568,747.395,247.201,741.901,247.078,736.307,246.535,730.318,245.732,725.312,245.632,
246,295.506,309.397,289.862,310.305,279.976,309.336,270.134,308.947,260.693,308.732,250.647,308.593,240.568,308.175,230.607,307.599,220.749,306.701,210.569,306.111,201.41,305.495,
247,703,243,699.828,243.798,693.709,242.695,687.448,242.453,681.428,242.368,674.924,242.299,668.006,241.866,661.831,241.656,655.363,241.048,648.684,241.019,642.672,240.814,
248,557.269,273.358,553.402,274.499,546.158,272.95,538.78,272.658,531.266,272.463,523.622,272.449,515.83,271.831,508.16,271.428,500.469,270.708,492.588,270.326,485.575,270.084,
249,253.516,183.673,247.112,185.299,237.106,184.49,226.98,184.274,216.973,184.42,206.471,184.501,195.884,184.33,185.477,184.202,175.114,183.562,164.882,183.405,155.205,183.286,
250,601.523,182.635,598.156,183.871,590.976,182.862,583.923,182.795,576.995,182.843,569.539,182.898,562.045,182.859,554.803,182.783,547.838,182.389,540.446,182.299,533.561,182.166,
251,1155.89,173.58,1155.98,173.988,1153.73,172.424,1151.22,172.303,1149.11,172.267,1146.29,172.242,1143.26,172.229,1140.67,171.778,1137.97,171.018,1135.3,171.252,1133.25,171.146,
252,980,120,979.008,120.833,975.476,119.572,971.568,119.505,967.852,119.653,963.525,119.885,959.33,120.098,955.221,119.706,951.112,119.389,947.241,119.628,943.58,119.605,
253,269.38,255.475,263.643,256.803,253.457,255.597,243.472,255.38,233.643,255.431,223.451,255.349,213.057,255.232,203.123,255.046,192.623,254.607,181.824,254.714,172.219,254.527,
254,1102,260,1101.81,260.031,1099.04,258.432,1096.48,257.908,1093.61,257.637,1090.36,257.496,1086.28,256.908,1084,256.358,1081.14,255.785,1077.18,255.428,1074.6,254.949,
255,404,193,398.919,194.395,390.213,193.451,381.328,193.277,372.517,193.282,363.193,193.483,353.991,193.365,344.98,193.326,336.017,192.8,327.528,192.766,319.31,192.734,
256,398.916,121.798,393.447,123.147,385.097,122.617,376.08,122.559,367.351,122.657,358.201,122.995,348.841,123.008,339.834,123.12,330.706,122.854,321.32,122.723,312.822,122.736,
257,875,270,873.331,270.443,868.792,269.073,864.125,268.557,859.627,268.217,854.503,267.993,849.268,267.711,844.027,267.483,838.984,266.728,834.27,266.582,829.779,266.148,
258,801,167,798.576,167.805,793.528,166.617,788.032,166.489,782.732,166.491,776.82,166.572,770.82,166.478,765.139,166.321,759.318,166.085,753.817,166.051,748.67,166.022,
259,208.844,256.775,202.026,258.003,191.635,256.819,181.549,256.504,171.212,256.382,160.528,256.408,149.525,256.078,138.647,255.801,128.088,255.101,117.586,254.779,107.842,254.559,
260,528,177,524.023,178.049,516.27,177.166,508.464,176.844,500.962,176.692,493.07,177.254,484.835,176.744,476.902,176.67,469.015,176.319,461.16,175.665,453.937,175.609,
261,203.87,280.34,197.073,281.992,186.979,280.659,176.423,280.372,166.02,280.267,155.366,280.278,144.222,279.772,133.469,279.354,122.74,278.703,111.827,278.275,101.792,277.935,
262,19,321,11.2112,322.752,-5.54348,322.377,0,0,0,0,0,0,0,0,0,0,0,0,0,0,0,0,
263,760.982,236.943,758.608,237.513,752.605,236.41,746.843,236.047,741.342,235.909,735.394,235.763,729.273,235.388,723.385,235.143,717.298,234.543,711.056,234.333,705.747,234.127,
264,381,130,375.753,131.668,366.76,130.905,357.597,130.833,348.623,131.095,339.24,131.41,329.665,131.369,320.445,131.324,311.133,130.87,301.806,131.015,293.189,131.026,
265,2.24771,295.186,-5.92068,296.483,0,0,0,0,0,0,0,0,0,0,0,0,0,0,0,0,0,0,
266,774,129,771.106,130.029,765.905,128.952,760.067,128.887,754.415,128.966,748.571,129.052,742.274,129.055,736.508,128.861,730.581,128.567,724.346,128.502,719.044,128.547,
267,826.531,273.993,824.881,274.497,819.852,272.95,814.947,272.476,809.948,272.347,804.402,272.258,799.025,271.986,793.747,271.613,788.288,270.822,783.455,270.581,778.679,270.363,
268,627.392,205.229,624.219,206.292,617.416,205.133,610.688,204.814,604.059,204.76,596.737,204.88,589.527,204.481,582.403,204.299,575.138,203.992,568.483,203.842,562.162,203.621,
269,41,234,33.2623,235.773,21.6055,234.758,9.95694,234.552,-8.49051,233.938,0,0,0,0,0,0,0,0,0,0,0,0,
270,491.696,292.076,487.6,293.022,479.863,291.765,472.134,291.228,464.496,290.986,456.02,290.907,447.665,290.589,439.465,290.231,431.451,289.292,423.283,288.955,415.536,288.573,
271,710,220,707.05,220.971,700.861,219.534,694.681,219.328,688.534,219.229,681.976,219.264,675.238,218.997,669.082,218.799,662.512,218.072,656.078,217.808,650.208,217.673,
272,445.688,258.487,440.892,259.563,432.837,258.518,424.35,258.143,416.097,258.075,407.171,258.182,398.351,257.685,389.707,257.639,381.115,256.999,372.433,256.451,364.426,256.225,
273,1374.69,365.336,1376.15,365.042,1375.96,363.137,1374.97,362.396,1374.09,361.53,1372.98,360.977,1371.23,360.158,1370.33,359.289,1369.86,358.389,1368.07,357.629,1367.4,356.978,
274,1323.51,139.008,1324.6,139.411,1323.89,138.174,1322.48,137.965,1321.54,137.907,1320.17,137.832,1318.14,138.099,1317.09,137.877,1315.95,137.644,1313.58,137.426,1312.71,137.367,
275,1352.81,142.618,1353.89,142.704,1353.43,141.588,1352.35,141.329,1351.58,141.152,1350.41,141.239,1348.68,140.976,1347.7,140.81,1346.93,140.438,1345.22,140.403,1344.58,140.226,
276,2,108,0,0,0,0,0,0,0,0,0,0,0,0,0,0,0,0,0,0,0,0,
277,1022.66,120.424,1022.11,120.602,1018.77,119.64,1015.14,119.471,1011.55,119.412,1007.6,119.49,1003.31,119.248,999.547,119.301,995.674,118.949,991.901,118.856,988.564,118.84,
278,1201.62,223.258,1201.9,223.504,1200.1,221.755,1198.01,221.52,1196.3,221.424,1193.91,221.259,1190.97,221.087,1188.8,220.7,1186.73,220.061,1183.76,219.889,1182.17,219.737,
279,251,126,244.318,127.771,234.083,127.194,223.875,127.173,213.697,127.492,203.323,127.545,192.787,127.511,182.277,127.473,171.646,127.106,161.713,126.892,152.046,126.829,
280,79.2265,225.429,71.8305,227.287,60.0491,226.302,48.6243,226.224,37.0103,226.339,25.1369,226.557,13.1852,226.358,2.47581,225.75,0,0,0,0,0,0,
281,156,228,149.39,229.774,138.345,229.113,127.292,228.679,116.533,228.641,105.27,228.828,94.2387,228.503,83.0993,228.273,71.5905,227.689,60.7207,227.505,50.326,227.35,
282,125.306,226.505,118.134,228.066,106.987,227.353,95.9342,227.046,84.6456,227.099,73.2044,227.336,61.8693,226.861,50.4867,226.682,38.9345,226.328,27.2683,226.034,16.5458,225.825,
283,1140.24,250.999,1140.13,251.119,1137.65,249.861,1135.02,249.092,1132.67,248.649,1129.67,248.491,1127,248.06,1124.18,247.49,1121.21,246.744,1118.68,246.696,1116.35,246.526,
284,137.269,302.439,130.435,303.844,119.494,302.518,108.887,302.192,98.2605,302.094,86.5914,302.02,75.5333,301.339,64.4578,300.783,52.9418,299.789,42.7569,299.359,32.18,299.087,
285,375,279,369.627,280.055,360.875,278.949,351.728,278.602,342.851,278.485,333.718,278.38,324.238,278.225,314.99,277.955,305.828,276.943,296.554,276.714,287.903,276.57,
286,678,293,674.832,293.786,668.792,292.357,662.234,291.874,655.697,291.713,648.939,291.663,641.983,291.235,635.473,290.678,628.676,290.095,621.841,289.748,615.846,289.424,
287,230.253,253.491,223.756,254.883,213.794,253.81,203.566,253.34,193.174,253.24,182.534,253.33,171.81,252.853,161.201,252.691,150.712,251.993,140.225,251.526,130.157,251.306,
288,153,284,145.996,285.362,135.358,284.374,124.452,283.853,113.536,283.683,102.232,283.609,91.1877,283.182,80.1115,282.884,68.6307,281.835,57.6403,281.433,46.9373,281.091,
289,391.623,86.6402,385.849,88.0784,377.258,87.3835,368.211,87.2311,359.394,87.5736,350.068,88.0406,340.69,88.1456,331.287,88.0564,321.886,87.6641,312.632,87.815,303.792,87.9243,
290,877,168,875.317,168.764,870.465,167.454,865.785,167.409,861.267,167.516,855.893,167.488,850.85,167.507,845.963,167.424,840.818,166.798,835.91,166.757,831.614,166.673,
291,57.3552,348.918,49.6311,350.401,38.1033,349.036,26.312,348.529,14.345,348.03,2.28089,348.278,0,0,0,0,0,0,0,0,0,0,
292,800.818,217.65,798.639,218.26,793.234,217.025,787.912,216.749,782.755,216.579,777.068,216.529,771.357,216.418,765.885,216.182,760.297,215.695,754.622,215.448,749.583,215.263,
293,619,295,615.386,295.717,608.86,294.51,602.041,293.839,595.401,293.604,588.101,293.475,580.89,293.158,573.895,292.83,566.96,292.079,560.101,291.51,553.53,291.217,
294,189.676,192.166,182.8,193.693,172.052,193.15,161.166,192.948,150.776,192.922,139.773,193.161,128.665,192.921,117.857,192.781,106.926,192.132,95.9311,191.902,85.7415,191.888,
295,766,103,763.408,103.817,758.137,103.164,752.231,102.931,746.658,102.993,740.677,103.244,734.401,103.014,728.55,102.985,722.574,102.654,716.535,102.456,711.087,102.472,
296,172.912,250.71,166.21,252.265,155.864,250.976,144.97,250.525,134.475,250.595,123.245,250.527,112.175,250.312,101.205,249.873,90.2792,248.985,79.0289,248.948,68.6743,248.709,
297,1002.03,191.985,1000.81,192.525,997.841,190.904,994.005,190.737,990.329,190.757,986.189,190.749,981.791,190.756,978.074,190.513,974.878,190.213,970.49,190.432,967.1,190.395,
298,1016,294,1014.9,294.354,1011.88,292.723,1007.92,292.071,1004.43,291.673,1000.68,291.483,995.943,291.319,992.391,290.649,988.86,289.796,984.425,289.483,980.991,289.191,
299,429.253,86.985,423.992,88.4572,415.548,87.978,406.804,87.9602,398.245,88.1379,389.473,88.5989,380.229,88.5818,371.281,88.5599,362.39,88.3242,353.468,88.3892,345.16,88.4354,
300,940.54,123.774,938.924,124.149,935.192,123.443,930.823,123.249,926.647,123.254,922.152,123.423,917.172,123.147,913.015,123.121,908.794,122.909,903.624,122.249,899.646,122.039,
301,682.024,158.786,678.793,159.999,672.57,158.898,665.953,158.788,659.669,158.874,653.049,158.959,646.157,159.119,639.391,158.821,632.833,158.266,625.898,158.421,619.874,158.43,
302,845,302,843.405,302.247,838.461,300.945,833.805,300.212,829.175,299.817,823.64,299.583,818.238,299.055,813.186,298.616,807.95,297.831,803.227,297.201,798.786,296.811,
303,247,232,240.895,233.118,230.854,232.4,220.451,232.142,210.608,232.084,200.337,232.081,189.573,231.919,179.465,231.523,169.278,230.907,158.43,230.967,148.595,230.79,
304,918,293,916.551,293.417,912.569,291.899,908.094,291.356,903.962,290.885,899.34,290.715,893.84,290.344,889.362,289.873,885.137,289.131,880.184,288.678,875.88,288.285,
305,1.8505,255.786,0,0,0,0,0,0,0,0,0,0,0,0,0,0,0,0,0,0,0,0,
306,580,188,576.417,189.286,569.043,188.106,561.801,187.891,554.739,187.856,546.829,188.183,539.2,187.887,531.855,187.674,524.424,187.241,517.264,186.947,510.431,186.891,
307,464.805,174.086,460.307,175.393,452.125,174.419,443.814,174.368,435.622,174.477,426.764,174.639,418.268,174.571,409.687,174.496,401.22,173.98,392.982,174.019,385.119,174.022,
308,1298.48,175.429,1299.23,175.668,1298.3,174.473,1296.61,174.223,1295.3,174.044,1293.58,173.804,1291.13,173.765,1289.99,173.553,1288.77,173.155,1286.4,173.206,1285.26,173.173,
309,1046.55,287.231,1045.88,287.366,1042.84,285.701,1039.48,285.193,1036.42,284.778,1032.68,284.576,1028.65,283.772,1025.39,283.302,1021.76,282.52,1018.24,281.835,1015.23,281.539,
310,288.965,221.209,283.251,222.534,273.691,221.5,263.958,221.356,254.2,221.349,244.336,221.31,234.241,221.082,224.625,220.734,214.972,219.948,204.914,219.683,195.445,219.559,
311,1218,144,1218.26,144.16,1216.53,143.304,1214.33,143.201,1212.57,143.172,1210.14,143.19,1207.17,143.184,1205.18,142.938,1203.02,142.308,1200.57,142.165,1198.85,142.038,
312,285.334,174.535,279.168,175.833,269.491,174.972,259.588,174.93,249.916,175.007,240.025,175.142,229.676,175.078,219.726,175.008,209.545,174.637,199.493,174.498,190.229,174.436,
313,1299,308,1299.88,308.228,1299.26,306.39,1297.36,305.857,1296.43,305.417,1295.07,304.765,1292.53,304.709,1291.37,303.768,1290.36,302.602,1288.26,302.594,1287.14,302.091,
314,1015.23,327.629,1014.36,328.082,1010.97,326.299,1007.03,325.642,1003.73,325.106,1000.08,324.725,995.398,323.819,991.79,323.49,987.976,322.714,983.532,321.9,980.472,321.652,
315,836.015,198.825,834.032,199.64,828.615,198.16,823.478,197.888,818.426,197.88,813.051,197.961,807.02,197.638,801.811,197.28,796.391,196.8,790.345,196.393,785.344,196.31,
316,268.032,346.45,262.784,347.336,252.15,346.01,242.31,345.42,232.852,345.229,222.378,345.139,211.924,344.728,201.92,343.924,191.519,343.303,181.381,342.579,172.223,341.95,
317,740,300,737.421,300.673,731.638,299.231,725.804,298.807,719.752,298.369,713.457,298.003,707.243,297.76,701.277,297.334,694.916,296.296,688.395,296.196,682.666,295.987,
318,1393.25,268.98,1394.12,269.049,1394.3,267.679,1393.91,267.294,1393.65,266.739,1393.28,266.495,1392.46,265.775,1392.37,265.21,1392.18,264.604,1391.39,263.842,1391.37,263.366,
319,86,80,78.3664,82.2335,66.6026,81.6162,55.1085,81.7636,43.7419,82.397,33.5185,83.0919,21.5602,83.1258,-6.83248,83.4832,0,0,0,0,0,0,
320,1071.16,99.1017,1070.88,99.7018,1067.75,98.6896,1064.52,98.5648,1061.65,98.5696,1057.94,98.7342,1054.84,98.818,1051.56,98.6647,1048.13,98.2917,1045.4,98.7084,1042.66,98.7409,
321,1103.3,362.711,1103.15,362.746,1100.8,360.73,1097.6,360.012,1095.45,359.325,1092.1,358.827,1088.57,358.166,1085.94,357.177,1082.97,355.994,1079.82,355.527,1077.55,354.982,
322,459.639,273.579,454.993,274.656,447.112,273.475,438.783,273.12,430.615,272.93,422.047,272.887,413.23,272.523,404.76,272.257,396.509,271.42,388.06,271.391,380.181,271.2,
323,971.675,198.48,970.911,199.211,967.046,197.623,963.06,197.398,959.339,197.32,955.041,197.339,950.469,197.361,946.48,196.988,942.069,196.446,937.051,196.641,933.087,196.502,
324,788.424,193.931,786.073,194.649,780.754,193.493,775.143,193.479,769.678,193.443,763.896,193.391,757.758,193.25,752.051,192.95,746.406,192.375,740.067,192.489,734.664,192.52,
325,1267.09,168.611,1267.83,168.801,1266.85,167.718,1264.92,167.427,1263.29,167.311,1261.34,167.166,1258.93,167.06,1256.93,166.775,1255.32,166.539,1253.2,166.082,1251.84,166.017,
326,1137.4,282.477,1137.34,282.598,1135.62,281.118,1132.7,280.451,1130.07,280.109,1127.39,279.855,1123.98,279.339,1121.23,278.761,1119.38,278.139,1116.36,277.682,1113.9,277.252,
327,235.768,209.659,229.315,211.235,219.651,210.155,209.194,209.881,199.158,209.867,188.952,210.193,178.033,209.814,167.457,209.589,157.218,209.02,146.89,208.848,137.291,208.627,
328,660.172,189.298,656.964,190.476,650.812,189.345,644.113,189.028,637.873,189.17,630.928,189.137,623.921,189.036,617.278,188.964,610.305,188.61,603.661,188.603,597.543,188.584,
329,1229.41,156.704,1230.29,157.145,1228.56,155.606,1226.72,155.483,1225.46,155.449,1223.31,155.362,1222.32,155.629,1219.53,155.142,1217.29,154.624,1216.4,154.939,1215.03,154.869,
330,5.74248,271.741,0,0,0,0,0,0,0,0,0,0,0,0,0,0,0,0,0,0,0,0,
331,1112.61,144.86,1112.29,145.598,1109.9,144.358,1106.94,144.287,1104.13,144.301,1100.97,144.339,1097.42,144.334,1094.11,144.16,1091.08,143.619,1087.8,144.188,1085.29,144.199,
332,1165,287,1165.21,287.098,1163.13,285.221,1160.72,284.731,1158.55,284.393,1156.03,284.053,1153.13,283.256,1150.53,282.713,1148.04,281.912,1145.48,281.303,1143.55,280.98,
333,843.911,272.468,841.871,272.741,837.348,271.539,831.897,270.917,827.136,270.604,821.826,270.538,816.193,270.129,811.17,269.778,805.815,269.051,800.376,268.553,795.652,268.335,
334,1016.25,233.99,1015.24,234.321,1012.01,232.695,1008.23,232.296,1004.78,232.05,1000.84,232.005,996.692,231.819,992.949,231.385,989.11,230.712,985.05,230.425,981.761,230.461,
335,851.625,101.103,849.667,102.004,844.629,100.904,839.536,100.868,834.697,100.926,829.167,101.102,823.803,101.199,818.594,101.023,813.333,100.563,808.431,100.528,803.842,100.53,
336,784,276,781.612,276.542,776.227,275.332,770.78,274.83,765.523,274.66,759.789,274.524,753.896,274.071,748.13,273.898,742.215,273.34,736.366,272.877,731.377,272.617,
337,903,188,901.455,188.54,897.105,187.351,892.199,187.103,887.653,187.074,882.739,187.155,877.423,186.998,872.642,186.889,867.589,186.467,862.647,186.396,858.118,186.354,
338,830,363,828.108,363.211,823.087,361.436,818.025,360.67,812.921,359.907,807.53,359.568,802.604,359.064,796.764,358.141,791.595,357.236,786.894,356.621,781.836,355.917,
339,711.529,262.699,708.143,263.436,702.461,261.987,695.799,261.55,689.908,261.435,683.555,261.341,676.828,261.014,671.002,260.749,664.286,260.002,657.464,259.683,651.903,259.583,
340,856,220,854.003,220.42,849.188,219.331,844.245,219.139,839.801,218.919,834.617,218.846,828.782,218.549,823.821,218.316,818.712,217.93,812.713,217.583,807.998,217.4,
341,920,107,918.524,107.408,914.271,106.72,909.589,106.708,905.215,106.726,900.617,106.989,895.608,107.148,890.899,106.896,886.373,106.511,881.577,107.061,877.382,107.105,
342,552.819,92.6734,548.726,94.2241,541.146,93.3757,533.473,93.4397,526.094,93.8159,518.312,94.3911,510.28,94.3326,502.489,94.3982,494.741,93.9023,486.872,94.0379,479.744,94.3149,
343,311.185,296.878,305.662,298.184,296.206,296.858,286.578,296.445,277.081,296.042,267.135,296.069,257.143,295.294,247.547,294.996,237.608,294.173,227.847,293.377,218.879,293.036,
344,591.339,358.494,587.6,359.138,580.739,357.625,573.778,356.934,567.298,356.702,560.267,356.561,552.615,355.838,545.473,355.025,538.427,354.257,531.941,353.762,524.93,353.104,
345,425.579,192.986,420.766,194.416,412.214,193.4,403.648,193.184,395.251,193.158,386.347,193.377,377.327,193.188,368.508,193.063,359.513,192.91,350.81,192.481,342.559,192.301,
346,1139.56,129.07,1139.54,129.734,1137.26,128.435,1134.49,128.279,1132.01,128.173,1129.05,128.277,1125.77,128.262,1123.06,127.968,1120.23,127.728,1117.13,127.761,1114.9,127.732,
347,803.041,126.909,800.635,127.993,795.541,126.826,790.285,126.814,784.992,126.837,779.21,126.907,773.407,126.783,767.712,126.719,761.632,126.338,756.275,126.403,751.264,126.476,
348,712,292,709.133,292.509,703.204,291.172,696.992,290.587,690.728,290.351,684.484,290.247,677.557,289.754,671.368,289.288,665.082,288.361,658.427,287.943,652.462,287.669,
349,1352,255,1353.84,254.883,1353.59,253.299,1352.78,252.615,1352.35,252.143,1351.28,251.897,1349.92,251.758,1349.01,251.389,1348.1,250.488,1346.78,250.359,1346.34,250.153,
350,1039.83,164.81,1039.36,165.253,1036.26,163.985,1032.7,163.898,1029.29,163.739,1025.51,163.91,1021.02,163.788,1017.41,163.62,1013.91,163.334,1009.87,162.874,1006.7,162.706,
351,907.533,356.504,905.896,356.598,901.848,354.682,897.242,354.187,893.129,353.396,888.506,353.3,883.321,352.503,878.958,352.176,874.38,351.179,869.174,350.441,865.164,349.999,
352,483.833,89.9019,479.161,91.505,471.292,90.6944,462.692,90.7362,454.69,90.884,446.107,91.4714,437.503,91.419,428.988,91.4596,420.683,91.1607,412.279,91.1242,404.13,91.2492,
353,210,313,203.806,314.385,193.597,312.826,182.948,312.294,172.832,312.127,162.256,312.091,151.523,311.512,141.161,311.04,130.162,309.98,119.48,309.604,109.666,309.231,
354,1148.52,308.217,1148.85,308.183,1146.53,306.565,1144.1,305.912,1142.07,305.463,1139.06,304.995,1136.5,304.332,1133.61,303.639,1130.86,302.842,1128.89,302.172,1126.81,301.673,
355,564.293,358.356,560.045,359.46,552.909,357.598,545.556,356.957,538.402,356.616,530.726,356.375,522.441,355.8,515.165,355.22,507.553,354.28,499.602,353.872,492.44,353.448,
356,899.132,111.824,897.147,112.705,893.052,111.841,888.231,111.676,883.533,111.852,878.72,112.066,873.289,112.29,868.662,112.006,863.949,111.612,858.663,111.929,854.345,112.091,
357,506,267,501.601,267.933,494.028,266.902,485.665,266.463,477.62,266.42,469.33,266.48,460.65,265.882,452.64,265.565,444.44,265.038,435.501,264.788,427.678,264.445,
358,1069.47,275.292,1068.85,275.194,1066.38,273.524,1062.8,272.988,1059.52,272.252,1056.17,272.107,1052.71,270.957,1049.48,270.934,1045.92,270.242,1042.4,269.128,1039.83,268.742,
359,175,268,168.073,269.372,157.58,268.258,146.865,267.879,136.312,267.81,125.228,267.865,114.112,267.324,103.265,267.005,92.0153,266.22,81.1468,265.811,70.8911,265.422,
360,259.721,166.761,253.249,168.208,243.726,167.227,233.628,167.084,223.677,167.252,213.471,167.584,202.994,167.4,192.669,167.366,182.56,166.888,172.24,166.83,162.561,166.707,
361,1252,267,1252.59,267.084,1251.18,265.43,1249.49,264.804,1247.92,264.301,1245.87,264.074,1243.73,263.761,1241.81,263.081,1240.02,262.194,1237.98,261.811,1236.76,261.579,
362,155.214,349.532,148.569,350.802,137.849,349.326,126.694,348.792,115.453,348.198,103.589,347.926,92.902,347.101,82.3202,346.51,70.9729,345.557,59.639,344.96,49.5029,344.265,
363,926.13,275.647,925.006,275.746,920.984,274.455,916.681,273.589,912.574,273.11,907.95,273.027,902.993,272.597,898.538,272.22,894.301,271.513,889.692,271.074,885.753,270.68,
364,1165.93,365.691,1166.23,365.595,1164.49,363.847,1161.49,362.741,1159.94,362.143,1157.06,361.949,1153.65,360.794,1151.76,360.157,1148.64,359.116,1145.91,358.296,1143.58,357.891,
365,125.095,84.3323,118.025,86.0892,107.773,85.572,96.3538,85.6341,85.1803,86.0094,74.3417,86.6139,62.8146,86.5228,51.7195,86.5996,40.2575,86.3687,28.6872,86.3324,17.9705,86.4843,
366,61.154,99.0857,53.7113,101.27,42.0533,100.924,30.0769,101.082,18.5393,101.384,6.75736,101.316,0,0,0,0,0,0,0,0,0,0,
367,131.78,199.149,124.467,200.884,113.786,200.16,102.643,199.866,91.8205,200.082,80.3216,200.206,68.7472,199.908,57.493,199.71,46.1282,199.197,34.9023,199.293,24.3378,199.327,
368,976.722,165.51,975.536,166.324,971.905,164.862,967.85,164.651,964.002,164.599,959.775,164.678,955.084,164.638,950.933,164.324,946.913,163.717,942.493,163.819,938.737,163.778,
369,115.44,158.673,108.123,160.531,96.5346,159.732,85.2608,159.647,73.8384,159.968,62.171,160.336,50.5672,160.254,38.8313,160.291,27.1097,159.867,15.7974,159.561,-1.70963,161.536,
370,1313,227,1314.67,227.101,1313.76,225.449,1312.72,225.098,1311.74,224.73,1310.22,224.567,1308.76,224.155,1306.98,223.823,1305.61,223.204,1304.62,222.865,1303.93,222.513,
371,918,253,916.403,253.515,912.393,252.039,907.942,251.766,903.645,251.386,899.043,251.257,894.004,250.926,889.498,250.593,885.167,250.083,880.327,249.876,876.126,249.468,
372,615.116,357.659,611.815,358.331,604.946,356.576,598.028,355.842,591.21,355.504,583.663,355.036,576.633,354.369,569.323,354.011,562.233,352.924,555.165,352.262,548.771,351.814,
373,61,140,53.3127,141.86,41.5525,141.011,29.7431,141.113,18.0733,141.329,5.61349,141.39,-7.28725,139.321,0,0,0,0,0,0,0,0,
374,893.846,269.997,891.845,270.33,887.827,269.004,883.041,268.435,878.479,268.23,873.579,268.101,868.103,267.554,863.216,266.993,858.39,266.678,853.09,266.395,848.756,265.956,
375,774.121,297.761,771.511,298.402,766.265,296.71,760.593,296.29,755.223,295.96,749.27,295.733,742.991,295.374,737.332,294.837,731.59,294.225,725.191,293.696,719.62,293.225,
376,1145,196,1144.76,196.265,1142.62,194.479,1139.55,194.412,1137.3,194.32,1134.57,194.336,1131.12,194.561,1128.65,193.937,1125.95,193.042,1122.77,193.394,1120.57,193.223,
377,1212,309,1212.3,309.162,1210.84,307.556,1208.51,306.766,1206.77,306.237,1204.5,305.878,1201.89,305.38,1199.74,304.85,1197.62,303.759,1195.16,303.545,1193.54,303.138,
378,311,129,305.408,130.567,295.362,129.788,285.652,129.775,276.074,129.799,265.808,129.908,255.852,129.812,245.966,129.796,235.994,129.575,226.59,129.597,217.445,129.652,
379,42.2381,326.294,34.3792,327.922,23.0252,326.446,11.2395,325.909,-1.70088,326.586,0,0,0,0,0,0,0,0,0,0,0,0,
380,1225.25,100.509,1225.45,101.108,1223.93,100.26,1221.72,100.166,1219.96,100.094,1217.65,100.221,1214.59,100,1212.73,99.9273,1210.93,99.5501,1207.88,99.3483,1206.15,99.3993,
381,629.884,267.657,626.834,268.874,619.966,267.105,612.962,266.966,606.354,266.889,598.958,266.879,591.774,266.801,584.656,266.564,577.628,265.456,569.542,265.5,562.75,265.356,
382,1180,282.761,1180.65,283.04,1178.44,281.223,1176.32,280.832,1174.27,280.628,1171.92,280.236,1169.87,279.86,1167.11,279.266,1165.29,278.568,1163.88,278.241,1161.88,278.006,
383,1237,213,1237.81,213.228,1235.65,211.829,1234.43,211.294,1233.05,210.867,1230.91,210.765,1229.15,210.416,1227.1,210.08,1225.62,209.521,1224.43,209.069,1222.98,208.898,
384,748.137,205.438,745.494,206.281,739.884,205.083,733.871,204.746,728.04,204.608,722.052,204.514,715.434,204.245,709.345,204.077,703.26,203.6,696.943,203.495,691.356,203.376,
385,415,288,409.68,289.263,401.58,287.943,392.943,287.496,384.432,287.306,375.303,287.266,366.406,286.846,357.427,286.484,348.702,285.724,340.316,285.432,331.979,285.118,
386,301.61,259.667,295.815,261.29,286.301,259.843,276.685,259.591,267.097,259.544,257.096,259.63,247.121,259.356,237.212,259.344,227.087,258.599,217.555,258.073,208.482,257.968,
387,570.789,252.867,566.399,254.082,559.718,252.641,552.207,252.423,545.003,252.273,537.483,252.256,529.492,251.698,521.829,251.468,514.639,250.704,506.606,250.486,499.566,250.285,
388,551.569,279.584,547.02,280.864,540.174,279.307,532.327,279.138,524.794,279.04,517.07,279.009,508.998,278.518,501.508,277.863,493.43,277.336,485.285,277.105,477.959,276.876,
389,854.611,328.828,852.683,329.338,848.373,327.794,843.236,327.237,838.046,326.863,832.905,326.529,827.423,326.141,822.78,325.512,817.392,324.575,812.012,324.248,807.153,323.849,
390,1051.01,93.7584,1049.9,94.5379,1047.1,93.4079,1043.39,93.3415,1040.18,93.3029,1036.54,93.5394,1032.87,93.4769,1029.18,93.3033,1025.77,93.0452,1021.85,93.1007,1018.74,93.0816,
391,576.856,302.024,573.301,302.976,566.201,301.58,559.056,301.269,551.968,301.173,544.255,300.921,536.474,300.461,529.117,299.873,521.672,299.169,514.443,299.055,507.73,298.652,
392,875,310,873.367,310.404,868.652,308.936,864.408,308.442,859.542,307.94,854.577,307.675,849.675,307.546,844.67,307.08,839.926,306.04,835.032,306.071,830.788,305.737,
393,307,102,301.114,103.468,291.832,102.565,282.178,102.671,272.595,102.869,262.642,103.358,252.59,103.272,242.99,103.265,233.31,102.957,223.35,102.991,214.161,103.151,
394,114,352,106.74,353.259,95.9158,351.66,84.1685,351.135,72.8537,350.917,61.5146,350.748,49.5399,349.9,37.9584,349.374,26.3394,348.423,14.1755,347.602,-0.459434,346.883,
395,533.642,299.45,529.464,300.521,522.16,298.949,514.259,298.641,506.687,298.375,498.715,298.382,490.709,297.697,482.962,297.318,474.936,296.728,466.918,296.184,459.695,295.749,
396,486.633,229.939,482.331,231.18,474.444,230.112,466.533,229.814,458.784,229.586,450.449,229.744,442.131,229.454,433.932,229.074,425.607,228.411,417.077,228.15,409.491,227.869,
397,182.859,300.354,176.125,301.767,165.705,300.474,154.896,299.921,144.307,299.806,133.433,299.826,122.426,299.252,111.264,298.842,100.585,297.803,89.212,297.27,78.6083,296.864,
398,1266,364,1266.69,363.88,1266.45,362.189,1264.43,361.194,1262.74,360.655,1260.71,359.853,1258.06,359.101,1256.55,358.757,1255.42,357.395,1252.47,356.688,1250.3,356.278,
399,801,232,798.581,232.534,793.402,231.39,788.138,231.132,783.068,231.03,777.482,231.025,771.849,230.854,766.633,230.557,761.257,230.124,755.515,229.855,750.646,229.83,
400,94.1098,127.071,86.6389,128.801,74.6094,128.539,63.1839,128.625,51.8578,128.717,39.6033,129.014,27.8543,128.937,16.1877,128.808,3.04842,128.276,0,0,0,0,
401,647,226,643.524,227.448,637.22,225.601,630.229,225.617,623.675,225.577,616.85,225.641,609.37,225.546,602.483,225.417,595.839,224.321,588.389,224.133,581.837,224.08,
402,271.244,310.837,265.396,311.987,255.607,310.615,246.027,310.296,236.296,310.204,226.083,310.149,215.686,309.721,205.744,309.251,195.691,308.58,185.477,308.404,176.262,308.331,
403,443,320,438.519,321.063,430.265,319.54,421.885,318.914,413.85,318.817,405.238,318.708,396.661,318.177,388.154,317.717,379.378,316.657,371.247,316.201,363.213,315.782,
404,78,311,70.7436,312.752,59.4039,311.261,47.8227,310.923,36.3081,310.779,24.5662,310.75,12.6425,309.899,0.581719,308.659,0,0,0,0,0,0,
405,927.685,92.5954,926.253,93.1205,922.395,92.2511,917.929,92.1171,913.927,92.1607,909.4,92.3298,904.46,92.374,899.979,92.2138,895.612,91.9372,890.754,92.3224,886.818,92.3244,
406,456.431,128.506,451.596,130.214,443.442,129.182,435.322,129.21,427.129,129.476,417.816,129.821,409.309,129.88,400.689,129.864,392.038,129.199,384.068,129.385,376.32,129.464,
407,483.051,355.827,478.98,356.814,471.13,355.26,463.39,354.762,455.811,354.263,447.227,354.119,439.341,353.52,431.003,352.89,422.64,351.764,414.612,351.274,407.429,350.763,
408,1104.94,132.318,1104.46,132.937,1101.93,131.753,1098.8,131.763,1095.98,131.903,1092.73,131.894,1089.03,131.973,1085.85,131.759,1082.88,131.361,1080.05,131.373,1077.37,131.472,
409,1128.39,310.509,1128.99,310.761,1126.69,309.109,1123.99,308.58,1121.96,308.153,1118.78,307.731,1116.17,307.346,1113.22,306.518,1110.48,305.667,1108.62,305.46,1106.33,305.124,
410,1373.7,121.389,1375.07,121.95,1374.78,120.55,1373.67,120.558,1373.12,120.53,1372.09,120.611,1370.47,120.774,1369.5,120.553,1368.72,120.316,1367.48,120.385,1367.11,120.368,
411,1275.86,119.801,1277.12,119.999,1275.75,119.337,1274.32,119.168,1273.18,119.082,1271.26,119.021,1268.83,118.939,1267.45,118.74,1265.79,118.395,1262.96,118.178,1261.64,118.14,
412,184.158,183.775,177.168,185.365,166.323,184.805,155.579,184.615,145.113,184.673,133.63,185.14,122.617,184.801,111.614,184.847,100.404,184.296,89.8107,183.784,79.4497,183.625,
413,1364.34,302.038,1365.48,301.965,1365.63,300.438,1364.42,299.57,1363.66,299.119,1362.57,298.73,1361.2,297.86,1360.41,297.482,1359.94,296.759,1358.66,296.053,1357.86,295.649,
414,1031.73,352.399,1030.73,352.569,1027.95,350.663,1024.01,349.873,1021.1,349.425,1017.27,349.116,1012.86,348.51,1009.34,347.666,1006.07,346.727,1001.6,346.234,998.584,345.674,
415,361.364,300.575,356.111,301.466,347.209,300.442,338.184,299.622,329.318,299.358,319.911,299.208,310.328,298.897,300.803,298.593,291.739,297.469,282.157,297.073,273.474,296.733,
416,424.195,322.905,419.228,323.802,410.845,322.853,402.308,322.261,393.818,322.122,385.115,322.017,376.116,321.632,367.45,321.389,358.568,320.616,349.48,319.911,341.356,319.676,
417,522.614,263.74,518.688,264.851,510.797,263.473,503.015,263.275,495.398,263.091,487.136,263.227,479.164,262.693,471.11,262.348,463.161,261.661,455.227,261.409,447.829,261.306,
418,1066,206,1065.61,206.214,1062.8,205.037,1059.57,204.716,1056.65,204.398,1053.14,204.414,1049.38,203.954,1046.05,203.643,1042.88,203.398,1039.83,203.072,1037.33,202.843,
419,449.178,88.9582,444.405,90.7441,436.274,89.8938,427.722,89.9798,419.241,90.222,410.112,90.8982,401.162,90.7783,392.644,90.9259,384.413,90.4977,375.931,90.4291,368.044,90.5986,
420,1230.45,36.03,1234.39,37.1109,1234.3,33.6989,1237.44,34.2302,1228.27,12.0214,1234.38,12.1618,1227.13,12.1402,1236.37,12.1518,1229.4,12.1647,1234.5,12.2211,1230.34,12.2206,
421,1215.44,363.694,1215.34,363.754,1214.19,361.832,1212.01,360.971,1210.2,360.091,1207.72,359.957,1204.35,359.139,1202.5,358.241,1200.81,357.415,1197.82,356.796,1195.76,356.328,
422,210.42,225.048,203.8,226.458,193.541,225.412,183.238,225.262,172.808,225.268,162.208,225.264,151.694,225.004,141.188,224.773,130.264,224.206,119.546,224.316,109.619,224.262,
423,961.68,265.168,960.496,265.636,956.642,264.235,952.571,263.794,949.163,263.398,944.881,263.435,940.797,263.373,936.073,262.596,931.763,261.757,927.977,261.729,924.299,261.505,
424,1199.81,327.421,1200.17,327.335,1198.65,325.832,1196.12,324.781,1194.33,324.228,1192,323.848,1189.57,323.151,1187.48,322.559,1185.61,321.585,1182.79,320.988,1181.05,320.571,
425,803.869,311.619,801.587,311.956,796.598,310.292,791.178,309.94,786.047,309.531,780.311,309.091,774.429,308.688,768.919,308.477,763.513,307.4,757.422,307.565,752.45,307.272,
426,1045.34,327.598,1044.65,327.796,1042.02,325.71,1038.68,325.268,1035.5,324.594,1031.66,324.311,1027.81,323.764,1024.59,323.193,1020.73,322.036,1017.66,321.743,1014.63,321.255,
427,900.473,313.846,898.949,314.316,894.626,312.697,890.157,312.216,885.725,311.585,880.906,311.226,875.753,310.977,871.175,310.278,866.305,309.281,861.599,309.284,857.249,309.147,
428,730.115,214.168,727.625,215.211,721.785,213.831,715.825,213.696,709.893,213.623,703.332,213.52,697.175,213.338,691.045,212.953,684.781,212.355,679.078,212.241,673.395,212.178,
429,1228.78,224.754,1229.35,224.678,1227.71,223.319,1225.92,222.667,1224.6,222.494,1222.44,222.358,1220.76,221.959,1218.52,221.37,1216.84,220.756,1215.71,220.552,1214.18,220.429,
430,24,121,15.8218,122.98,3.77365,123.201,0,0,0,0,0,0,0,0,0,0,0,0,0,0,0,0,
431,1007,267,1006.33,267.123,1002.44,265.834,998.855,265.145,995.759,264.757,991.872,264.632,987.629,264.347,983.766,263.838,980.006,263.238,976.193,262.901,972.913,262.635,
432,640.9,291.142,637.388,292.149,631.063,290.494,624.176,289.995,617.463,289.952,610.33,289.866,603.056,289.152,595.996,288.734,589.04,288.12,581.633,287.91,575.163,287.519,
433,295.715,346.642,290.19,347.571,280.693,346.133,270.82,345.58,261.316,345.198,251.645,344.882,242.023,344.213,232.098,343.877,222.422,342.918,212.865,342.283,203.407,341.769,
434,351.178,85.3901,345.64,87.1847,336.477,86.3259,327.275,86.2085,318.13,86.5434,308.691,86.9769,299.095,87.0152,289.578,86.9257,280.081,86.6941,270.286,86.6277,261.445,86.708,
435,1137.62,418.097,1135.73,420.885,1129.27,412.137,1121.12,417.458,1121.14,408.209,1119.02,402.067,1121.02,401.23,1121.08,409.375,1121.18,389.308,1117.51,391.683,1111.8,392.402,
436,255,101,248.769,102.57,238.849,101.976,228.877,101.926,218.914,102.338,208.843,102.616,198.473,102.646,188.327,102.682,178.212,102.341,167.962,102.258,158.414,102.331,
437,514,343,510.241,343.584,502.733,342.457,494.947,341.591,487.8,341.148,479.631,341.065,471.174,340.004,463.348,339.326,455.673,338.825,448.039,337.878,440.748,337.301,
438,1305,344,1306.54,343.639,1305.57,341.684,1304.31,341.195,1303.18,340.622,1301.65,340.157,1300.13,339.496,1298.54,338.506,1297.26,337.784,1295.68,337.428,1294.72,336.794,
439,606,317,602.363,317.737,595.897,316.325,588.797,315.814,581.775,315.66,574.664,315.476,566.975,315.06,558.975,314.672,552.01,314.144,544.625,313.936,537.512,313.432,
440,25,295,17.2943,296.777,5.10606,295.547,-4.84581,295.336,0,0,0,0,0,0,0,0,0,0,0,0,0,0,
441,573,161,568.994,162.318,562.128,161.407,554.627,161.291,547.31,161.32,539.689,161.61,531.907,161.412,524.465,161.307,516.866,160.917,508.986,160.684,501.949,160.612,
442,1067,293,1066.7,293.201,1063.92,291.523,1060.58,290.921,1057.47,290.564,1053.89,290.508,1050.63,290.001,1047.17,289.376,1043.64,288.438,1040.26,288.216,1037.64,287.794,
443,376.855,319.574,371.941,320.441,362.998,319.234,354.316,318.694,345.396,318.32,335.905,318.13,326.887,317.741,317.584,317.153,308.346,316.314,299.536,316.045,290.559,315.635,
444,668.303,170.666,665.001,171.674,658.762,170.711,652.302,170.356,645.901,170.45,638.959,170.73,632.165,170.53,625.338,170.375,618.532,170.014,611.963,169.705,605.884,169.6,
445,386.847,300.821,381.891,301.765,373.085,300.536,363.797,299.958,354.875,299.504,345.714,299.456,336.279,299.157,327.182,298.602,317.811,297.664,308.318,297.262,299.819,297.06,
446,291.106,144.828,284.904,146.416,275.507,145.797,265.594,145.824,255.651,146.01,245.264,146.229,235.093,146.189,225.155,146.189,215.117,145.914,205.36,145.736,195.849,145.702,
447,673.533,91.6067,670.193,93.1889,664.463,92.068,657.711,92.0426,651.505,92.3255,644.386,92.7455,637.329,92.6884,630.609,92.6968,623.88,92.1898,617.231,92.2767,610.949,92.4485,
448,33.6158,166.444,25.8963,168.465,13.9373,168.031,2.35027,168.091,0,0,0,0,0,0,0,0,0,0,0,0,0,0,
449,1326,331,1327.49,330.924,1326.86,329.129,1325.54,328.37,1325.17,327.53,1324.11,327.123,1322.86,326.235,1320.77,325.657,1320.02,324.861,1319.22,324.194,1318.51,323.59,
450,244.879,299.059,238.801,300.132,228.671,299.003,218.948,298.422,208.882,298.29,198.482,298.28,187.805,297.909,177.501,297.427,167.227,296.561,157.147,296.107,147.433,295.768,
451,1264.43,330.35,1265.44,330.352,1264.07,328.354,1262.69,327.629,1261.31,326.947,1259.25,326.469,1257.77,326.015,1255.74,325.219,1253.99,323.901,1252.54,323.511,1251.3,323.262,
452,67,333,59.7383,334.565,48.04,333.132,36.6031,332.776,25.137,332.57,13.1324,332.382,0.944449,331.156,0,0,0,0,0,0,0,0,
453,1278.31,315.111,1279.07,315.279,1278.23,313.395,1276.68,312.795,1275.27,312.314,1273.45,311.744,1271.56,311.613,1269.96,310.635,1268.37,309.591,1266.59,309.297,1265.4,308.877,
454,513.777,306.948,509.858,307.805,502.104,306.325,494.14,305.836,486.487,305.635,478.467,305.588,470.085,304.993,461.712,304.596,453.983,303.831,445.294,303.676,437.423,303.362,
455,1320.37,158.655,1321.39,158.964,1320.93,157.729,1319.41,157.311,1318.45,157.06,1317,156.978,1314.88,156.877,1313.62,156.648,1312.4,156.401,1310.13,156.515,1309.39,156.275,
456,407,234,401.951,235.123,393.434,234.391,384.652,233.873,376.037,233.752,367.088,233.776,357.869,233.557,348.889,233.399,339.938,232.833,330.674,232.467,322.169,232.3,
457,333,334,327.886,335.2,318.582,333.354,309.506,333.006,300.381,332.695,290.495,332.541,280.656,331.74,271.499,331.319,261.881,330.154,252.16,329.982,242.761,329.459,
458,1152.28,266.326,1152.9,266.288,1151.29,264.881,1148.49,264.362,1146.01,264.028,1143.2,263.881,1141.15,263.655,1138.24,262.809,1135.33,262.153,1133.33,262.133,1131.42,261.715,
459,995,241,994.245,241.144,990.709,239.762,986.845,239.292,983.165,239.071,979.132,239.018,975.047,238.567,970.641,238.24,966.904,237.367,963.044,237.111,959.393,236.867,
460,206.496,440.328,200.52,440.681,195.376,440.289,0,0,176.069,435.605,172.011,436.613,0,0,127.41,470.192,126.833,499.868,125.097,497.527,0,0,
461,1114.57,455.544,1100.43,449.02,1094.21,469.283,1136.22,473.597,1170.14,478.553,1164.96,490.25,0,0,0,0,0,0,1180.03,497.202,1186.06,491.856,
462,927.31,314.08,925.528,314.326,921.593,312.825,917.264,312.135,912.902,312.004,908.275,311.728,903.469,311.474,899.011,310.533,894.821,310.192,890.115,310.12,885.915,309.532,
463,100,329,92.7944,330.218,81.4847,329.153,70.2397,328.633,59.0851,328.404,47.3619,328.47,35.4799,327.609,23.8313,327.321,12.379,326.461,-0.782248,326.889,0,0,
464,112.422,326.324,105.346,327.735,94.316,326.465,82.9071,325.853,71.9352,325.548,60.2814,325.616,48.6191,324.822,36.9936,324.618,25.4886,323.443,14.3275,322.561,3.61297,321.078,
465,96.905,349.619,89.9781,351.06,78.3708,349.372,67.1985,348.82,56.2609,348.738,44.3775,348.533,32.5428,347.717,20.9234,347.359,7.66233,346.187,-5.37762,346.155,0,0,
466,225,286,218.77,287.246,208.463,285.765,198.251,285.446,187.933,285.289,177.164,285.238,166.894,284.973,156.748,284.476,145.678,283.472,135.558,282.976,125.952,282.627,
467,593,238,589.744,239.158,582.636,237.862,575.424,237.566,568.427,237.523,560.821,237.568,553.796,237.258,546.602,236.849,538.773,236.137,531.587,235.967,525.096,235.863,
468,805.276,268.776,802.882,269.378,797.986,267.943,792.279,267.487,787.15,267.138,781.576,266.979,776.026,266.409,770.376,266.076,764.755,265.489,759.129,264.959,754.129,264.559,
469,187,325,180.48,325.883,169.782,324.789,159.329,324.109,148.808,323.682,137.647,323.681,126.927,322.897,115.73,322.423,105.155,321.599,94.5278,320.76,84.2155,320.302,
470,883,345,881.29,345.113,876.554,343.177,871.897,342.672,867.418,341.869,862.253,341.522,857.325,341.2,852.214,340.595,847.596,339.684,842.769,339.221,838.122,338.371,
471,1239.53,308.248,1240.72,308.14,1239.23,306.597,1237.38,305.903,1235.94,305.311,1233.85,304.835,1231.62,304.31,1229.61,303.635,1227.76,302.726,1225.7,302.213,1224.36,301.81,
472,201,82,194.645,83.743,184.609,83.1149,173.65,83.0631,163.249,83.4876,152.215,83.7875,141.395,83.8174,130.259,83.8758,119.673,83.5161,108.716,83.6148,98.5224,83.6246,
473,1144.86,97.6987,1144.78,98.222,1142.06,97.3419,1139.33,97.1804,1136.67,97.1032,1134,97.3903,1130.29,97.0564,1127.8,96.9076,1125.46,96.4967,1121.68,96.3314,1119.46,96.3498,
474,750,322,747.62,322.609,741.968,321.355,736.243,320.599,730.528,320.336,724.076,320.101,717.965,319.709,711.962,319.045,705.901,318.353,699.904,317.938,694.526,317.456,
475,587.324,294.075,583.772,294.998,576.596,293.563,569.457,293.288,562.394,293.234,554.787,293.132,547.094,292.745,539.6,292.202,532.38,291.303,525.16,290.999,518.236,290.707,
476,1114.22,98.0028,1113.79,98.4847,1111.5,97.579,1108.49,97.4652,1105.72,97.4349,1102.52,97.6703,1098.76,97.3418,1095.77,97.2216,1092.86,96.8159,1089.52,96.595,1087.01,96.5973,
477,934,210,932.847,210.411,928.858,209.055,924.693,208.612,920.581,208.562,915.766,208.552,910.998,208.415,906.556,208.106,902.212,207.558,898.436,207.285,894.362,206.985,
478,723.48,245.793,721.133,246.182,715.482,244.747,709.222,244.488,703.305,244.128,696.814,243.996,689.933,243.83,683.673,243.781,677.609,243.171,671.917,242.736,666.258,242.386,
479,940,307,938.439,307.172,934.82,305.637,930.187,304.931,926.289,304.587,921.799,304.339,916.896,304.067,912.843,303.642,908.463,302.626,904.436,302.745,900.721,302.479,
480,401,255,396.009,256.03,387.431,255.036,378.527,254.625,369.847,254.56,360.61,254.52,351.468,254.319,342.379,254.144,333.294,253.318,324.207,252.775,315.529,252.58,
481,803.66,336.738,801.407,337.347,796.56,335.777,791.187,335.083,786.028,334.54,780.353,334.366,774.471,333.849,769.29,333.319,763.911,332.248,758.242,331.577,753.075,331.264,
482,560.477,405.744,550.535,404.529,552.586,404.944,552.539,403.255,0,0,529.617,415.867,0,0,518.568,402.286,512.818,406.169,502.667,407.608,493.068,407.41,
483,1395,160,1396.02,160.38,1395.83,158.938,1395.68,158.967,1395.7,158.791,1395.26,158.889,1395.02,158.795,1394.51,158.15,1394.24,157.713,1393.81,158.032,1393.79,157.968,
484,943.981,334.349,942.831,334.633,939.18,332.89,934.91,332.285,931.187,331.7,926.731,331.367,922.298,330.681,918.099,330.296,913.978,329.241,909.364,328.892,905.744,328.515,
485,490.521,323.061,486.11,323.616,477.961,322.591,469.552,321.688,462.07,321.305,454.333,321.378,445.67,320.913,437.452,320.443,429.194,319.294,420.351,318.919,412.746,318.709,
486,1338.76,308.135,1340.55,308.197,1339.88,306.329,1339.29,305.68,1338.48,305.104,1337.15,304.799,1336.54,304.281,1335.06,303.521,1333.47,302.607,1332.87,302.346,1332.17,301.859,
487,954.539,321.311,953.415,321.673,949.448,319.773,945.445,319.469,941.745,318.786,937.13,318.365,932.724,318.392,928.422,317.75,924.333,316.495,919.978,316.623,916.446,316.424,
488,1068.29,476.942,1077.45,475.603,1071.39,476.234,1068.14,469.177,1034.08,475.968,1039.98,495.674,0,0,1015.5,502.849,999.082,500.85,991.235,500.771,0,0,
489,1283,275,1283.98,275.226,1283.01,273.61,1281.63,272.862,1280.45,272.427,1278.71,272.193,1276.96,271.996,1275.36,271.081,1274.03,270.223,1272.38,269.914,1271.22,269.413,
490,1343,282,1344.21,282.382,1343.87,280.75,1342.38,280.106,1341.69,279.594,1340.64,279.277,1338.5,279.359,1337.8,278.494,1336.71,277.418,1334.92,277.581,1334.4,277.149,
491,308,239,301.982,240.214,292.565,239.258,282.95,239.044,273.486,238.966,263.496,239.052,253.374,238.796,243.444,238.601,233.738,238.035,223.725,237.701,214.363,237.624,
492,403.086,149.299,397.835,150.746,389.12,150.006,380.068,149.868,371.349,149.927,362.348,150.132,353.09,150.124,344,150.081,334.826,149.519,325.562,149.606,317.084,149.589,
493,1152.95,366.658,1153.53,366.627,1151.51,364.689,1149.86,363.724,1147.81,362.965,1144.72,362.711,1142.51,361.906,1140.39,360.813,1137.91,359.754,1135.58,359.216,1133.62,358.672,
494,428.554,21.2695,428.683,17.5389,424.14,16.627,407.788,15.3038,395.605,15.5751,378.037,15.6828,363.13,15.1245,350.862,15.5618,321.707,15.7438,313.96,15.3634,333.931,15.358,
495,1088.48,171.641,1088.05,171.885,1085.48,170.816,1082.27,170.442,1079.36,170.262,1075.98,170.224,1072.21,169.981,1069.16,169.648,1066.08,169.189,1062.43,169.154,1059.58,169.048,
496,1014,162,1013.19,162.801,1009.68,161.413,1005.91,161.309,1002.48,161.178,998.404,161.258,994.339,160.992,990.482,160.813,986.737,160.277,982.88,160.195,979.523,160.026,
497,1256,149,1257.14,149.271,1255.65,148.211,1254.07,147.824,1252.58,147.692,1250.66,147.631,1248.58,147.481,1246.68,147.42,1245,147.044,1243.28,146.921,1241.84,146.887,
498,1395.65,462.319,1395.64,426.503,0,0,1393.91,387.06,1393.88,385.087,1393.87,385.306,1393.91,383.404,0,0,0,0,0,0,1392.44,384.296,
499,101.97,256.016,94.6397,257.581,83.4064,256.487,71.9905,256.268,61.1341,256.163,49.5768,256.117,37.6821,255.817,26.2638,255.535,14.5959,254.845,2.24897,254.812,0,0,
